[] --> [2, 5, 6, 7, 8, 9, 10]
[1] --> [39, 5, 36, 43, 9, 44, 45]
[2] --> [5, 36, 9, 43, 736, 44, 45]
[3] --> [5, 37, 9, 43, 736, 44, 45]
[4] --> [5, 36, 43, 10, 736, 44, 30]
[5] --> [5, 36, 43, 10, 736, 589, 44]
[1, 4] --> [5, 36, 9, 43, 10, 736, 44]
[2, 4] --> [5, 36, 43, 736, 44, 30, 45]
[1, 5] --> [5, 36, 9, 43, 10, 736, 44]
[6] --> [5, 36, 43, 10, 736, 589, 44]
[7] --> [5, 36, 43, 736, 31, 44, 45]
[3, 4] --> [5, 36, 43, 736, 44, 30, 45]
[1, 6] --> [5, 36, 9, 43, 10, 736, 44]
[2, 5] --> [5, 36, 9, 43, 10, 736, 44]
[3, 5] --> [5, 36, 43, 10, 736, 44, 45]
[2, 6] --> [5, 36, 43, 10, 736, 44, 45]
[1, 7] --> [5, 36, 9, 43, 736, 44, 45]
[8] --> [5, 36, 37, 43, 10, 736, 44]
[3, 6] --> [5, 36, 43, 10, 736, 44, 45]
[1, 8] --> [5, 36, 43, 9, 10, 44, 45]
[9] --> [5, 36, 43, 10, 736, 31, 44]
[2, 7] --> [5, 36, 9, 43, 736, 44, 45]
[2, 8] --> [5, 36, 9, 43, 10, 736, 44]
[10] --> [5, 36, 43, 736, 31, 44, 30]
[3, 7] --> [5, 36, 9, 43, 736, 44, 45]
[1, 9] --> [39, 5, 36, 9, 43, 736, 44]
[2, 9] --> [5, 36, 9, 43, 736, 44, 45]
[4, 7] --> [5, 36, 43, 736, 31, 44, 45]
[11] --> [39, 5, 43, 9, 10, 589, 44]
[1, 10] --> [39, 5, 36, 9, 43, 736, 44]
[3, 8] --> [5, 36, 9, 43, 736, 44, 45]
[2, 10] --> [5, 36, 43, 736, 44, 45, 30]
[1, 4, 7] --> [5, 36, 9, 43, 736, 44, 45]
[5, 7] --> [5, 36, 43, 10, 736, 44, 45]
[4, 8] --> [5, 36, 43, 10, 736, 44, 45]
[12] --> [250, 5, 36, 43, 9, 10, 44]
[1, 11] --> [39, 5, 36, 43, 9, 10, 44]
[3, 9] --> [39, 5, 36, 43, 736, 44, 45]
[2, 4, 7] --> [5, 36, 43, 736, 44, 30, 45]
[2, 11] --> [5, 36, 37, 9, 43, 10, 44]
[1, 5, 7] --> [5, 36, 9, 43, 10, 736, 44]
[1, 4, 8] --> [5, 36, 9, 43, 10, 736, 44]
[13] --> [5, 37, 9, 43, 44, 30, 45]
[4, 9] --> [5, 36, 43, 10, 736, 31, 44]
[5, 8] --> [5, 36, 43, 10, 736, 589, 44]
[6, 7] --> [5, 36, 43, 10, 736, 44, 45]
[1, 12] --> [39, 5, 36, 43, 9, 10, 44]
[3, 10] --> [5, 36, 43, 736, 31, 44, 45]
[3, 4, 7] --> [5, 36, 43, 736, 31, 44, 45]
[3, 11] --> [39, 5, 37, 9, 43, 44, 45]
[1, 4, 9] --> [5, 36, 43, 10, 736, 44, 45]
[1, 13] --> [39, 5, 37, 43, 9, 44, 45]
[6, 8] --> [5, 36, 43, 10, 736, 44, 45]
[4, 10] --> [5, 36, 43, 10, 736, 31, 44]
[5, 9] --> [5, 36, 43, 10, 736, 589, 44]
[1, 5, 8] --> [5, 36, 9, 43, 10, 736, 44]
[1, 6, 7] --> [5, 36, 9, 43, 10, 736, 44]
[2, 12] --> [5, 36, 9, 43, 10, 736, 44]
[2, 4, 8] --> [5, 36, 43, 10, 736, 44, 45]
[2, 5, 7] --> [5, 36, 43, 10, 736, 44, 45]
[3, 5, 7] --> [5, 36, 43, 10, 736, 44, 45]
[3, 4, 8] --> [5, 36, 43, 10, 736, 44, 45]
[3, 12] --> [5, 36, 9, 43, 10, 44, 45]
[2, 6, 7] --> [5, 36, 43, 10, 736, 44, 45]
[2, 5, 8] --> [5, 36, 9, 43, 10, 736, 44]
[1, 4, 10] --> [39, 5, 36, 43, 10, 736, 44]
[6, 9] --> [5, 36, 43, 10, 736, 589, 44]
[4, 11] --> [5, 36, 9, 43, 10, 736, 44]
[5, 10] --> [5, 36, 43, 10, 736, 31, 44]
[1, 5, 9] --> [5, 36, 9, 43, 10, 736, 44]
[1, 6, 8] --> [5, 36, 9, 43, 10, 736, 44]
[2, 13] --> [5, 37, 9, 43, 44, 30, 45]
[2, 4, 9] --> [5, 36, 43, 736, 44, 30, 45]
[3, 6, 8] --> [5, 36, 43, 10, 736, 44, 45]
[3, 5, 9] --> [5, 36, 43, 10, 736, 44, 45]
[3, 4, 10] --> [5, 36, 43, 736, 31, 44, 45]
[2, 6, 9] --> [5, 36, 43, 10, 736, 44, 45]
[1, 4, 12] --> [5, 36, 9, 43, 10, 736, 44]
[1, 7, 9] --> [5, 36, 9, 43, 736, 44, 45]
[6, 11] --> [5, 9, 43, 10, 736, 589, 44]
[4, 13] --> [5, 36, 43, 736, 44, 30, 45]
[8, 9] --> [5, 36, 43, 10, 736, 44, 45]
[7, 10] --> [5, 36, 43, 736, 589, 31, 44]
[5, 12] --> [5, 36, 9, 43, 10, 736, 44]
[1, 5, 11] --> [39, 5, 36, 9, 43, 10, 44]
[1, 6, 10] --> [5, 36, 9, 43, 10, 736, 44]
[2, 4, 11] --> [5, 36, 9, 43, 10, 736, 44]
[2, 5, 10] --> [5, 36, 43, 10, 736, 44, 30]
[2, 5, 9] --> [5, 36, 43, 10, 736, 44, 45]
[2, 4, 10] --> [5, 36, 43, 10, 736, 44, 30]
[1, 6, 9] --> [5, 36, 9, 43, 10, 736, 44]
[1, 5, 10] --> [5, 36, 9, 43, 10, 736, 44]
[5, 11] --> [5, 9, 43, 10, 736, 589, 44]
[7, 9] --> [5, 36, 43, 736, 31, 44, 45]
[3, 6, 7] --> [5, 36, 43, 10, 736, 44, 45]
[3, 5, 8] --> [5, 36, 43, 10, 736, 44, 45]
[3, 4, 9] --> [5, 36, 43, 736, 31, 44, 45]
[3, 13] --> [5, 37, 9, 43, 736, 44, 45]
[2, 6, 8] --> [5, 36, 43, 10, 736, 44, 45]
[1, 4, 11] --> [5, 36, 9, 43, 10, 736, 44]
[6, 10] --> [5, 36, 43, 10, 736, 589, 44]
[4, 12] --> [5, 36, 43, 10, 736, 44, 30]
[2, 5, 12] --> [5, 36, 9, 43, 10, 736, 44]
[2, 4, 13] --> [5, 36, 9, 43, 736, 44, 45]
[2, 8, 9] --> [5, 36, 43, 10, 736, 44, 45]
[2, 7, 10] --> [5, 36, 43, 736, 31, 44, 45]
[1, 6, 12] --> [39, 5, 36, 9, 43, 10, 44]
[1, 5, 13] --> [5, 36, 9, 43, 736, 44, 45]
[7, 12] --> [5, 36, 9, 43, 10, 736, 44]
[8, 11] --> [5, 36, 37, 9, 43, 10, 44]
[6, 13] --> [5, 9, 43, 10, 736, 44, 45]
[1, 7, 11] --> [39, 5, 36, 43, 9, 44, 45]
[1, 8, 10] --> [5, 36, 9, 43, 10, 736, 44]
[2, 6, 11] --> [5, 36, 9, 43, 10, 736, 44]
[3, 7, 9] --> [5, 36, 43, 736, 31, 44, 45]
[3, 4, 12] --> [5, 36, 43, 10, 736, 44, 45]
[3, 5, 11] --> [5, 9, 43, 10, 736, 44, 45]
[3, 6, 10] --> [5, 36, 43, 10, 736, 44, 45]
[2, 5, 11] --> [5, 36, 9, 43, 10, 736, 44]
[2, 4, 12] --> [5, 36, 9, 43, 10, 736, 44]
[2, 7, 9] --> [5, 36, 9, 43, 736, 44, 45]
[1, 6, 11] --> [39, 5, 36, 9, 43, 10, 44]
[1, 5, 12] --> [5, 36, 9, 43, 10, 736, 44]
[5, 13] --> [5, 9, 43, 10, 736, 44, 45]
[7, 11] --> [5, 36, 9, 43, 10, 736, 44]
[8, 10] --> [5, 36, 43, 10, 736, 31, 44]
[6, 12] --> [5, 36, 9, 43, 10, 736, 44]
[1, 7, 10] --> [5, 36, 9, 43, 736, 44, 45]
[1, 8, 9] --> [5, 36, 9, 43, 10, 736, 44]
[1, 4, 13] --> [5, 36, 9, 43, 736, 44, 45]
[2, 6, 10] --> [5, 36, 43, 10, 736, 44, 30]
[3, 4, 11] --> [5, 36, 9, 43, 736, 44, 45]
[3, 5, 10] --> [5, 36, 43, 10, 736, 44, 45]
[3, 6, 9] --> [5, 36, 43, 10, 736, 44, 45]
[2, 8, 11] --> [5, 36, 37, 9, 43, 10, 44]
[2, 7, 12] --> [5, 36, 9, 43, 10, 736, 44]
[1, 4, 7, 9] --> [5, 36, 43, 10, 736, 44, 45]
[5, 7, 9] --> [5, 36, 43, 10, 736, 31, 44]
[4, 8, 9] --> [5, 36, 43, 10, 736, 31, 44]
[4, 7, 10] --> [5, 36, 43, 10, 736, 31, 44]
[9, 12] --> [39, 5, 36, 43, 10, 736, 44]
[10, 11] --> [39, 5, 36, 43, 10, 736, 44]
[8, 13] --> [5, 36, 37, 9, 43, 44, 45]
[1, 9, 11] --> [39, 5, 36, 9, 43, 10, 44]
[1, 7, 13] --> [5, 36, 9, 43, 736, 44, 45]
[1, 8, 12] --> [39, 5, 36, 43, 9, 10, 44]
[2, 6, 13] --> [5, 36, 9, 43, 736, 44, 45]
[3, 7, 11] --> [5, 36, 9, 43, 736, 44, 45]
[3, 8, 10] --> [5, 36, 43, 10, 736, 44, 45]
[3, 5, 13] --> [5, 36, 9, 43, 736, 44, 45]
[3, 6, 12] --> [5, 9, 43, 10, 736, 44, 45]
[2, 5, 13] --> [5, 36, 9, 43, 736, 44, 45]
[2, 8, 10] --> [5, 36, 43, 10, 736, 44, 45]
[2, 7, 11] --> [5, 36, 9, 43, 736, 44, 45]
[1, 6, 13] --> [5, 36, 9, 43, 10, 44, 45]
[4, 7, 9] --> [5, 36, 43, 736, 31, 44, 45]
[7, 13] --> [5, 36, 9, 43, 736, 44, 45]
[9, 11] --> [39, 5, 9, 43, 10, 736, 44]
[8, 12] --> [250, 5, 36, 9, 43, 10, 44]
[1, 7, 12] --> [5, 36, 43, 9, 10, 44, 45]
[1, 8, 11] --> [39, 5, 36, 43, 9, 10, 44]
[2, 6, 12] --> [5, 36, 9, 43, 10, 736, 44]
[3, 7, 10] --> [5, 36, 43, 736, 31, 44, 45]
[3, 8, 9] --> [5, 36, 43, 10, 736, 44, 45]
[3, 4, 13] --> [5, 9, 43, 736, 44, 30, 45]
[3, 5, 12] --> [5, 9, 43, 10, 736, 44, 45]
[3, 6, 11] --> [5, 9, 43, 10, 736, 44, 45]
[2, 5, 7, 9] --> [5, 36, 43, 10, 736, 44, 45]
[2, 4, 8, 9] --> [5, 36, 43, 10, 736, 44, 45]
[2, 4, 7, 10] --> [5, 36, 43, 736, 31, 44, 45]
[2, 8, 13] --> [5, 36, 37, 9, 43, 44, 45]
[2, 10, 11] --> [5, 36, 9, 43, 10, 736, 44]
[2, 9, 12] --> [5, 36, 9, 43, 10, 736, 44]
[1, 6, 7, 9] --> [5, 36, 43, 10, 736, 44, 45]
[1, 5, 8, 9] --> [5, 36, 9, 43, 10, 736, 44]
[1, 5, 7, 10] --> [5, 36, 9, 43, 10, 736, 44]
[1, 4, 8, 10] --> [5, 36, 9, 43, 10, 736, 44]
[1, 4, 7, 11] --> [5, 36, 9, 43, 10, 736, 44]
[5, 7, 11] --> [5, 36, 9, 43, 10, 736, 44]
[4, 8, 11] --> [5, 36, 9, 43, 10, 736, 44]
[4, 7, 12] --> [5, 36, 43, 10, 736, 31, 44]
[10, 13] --> [5, 36, 43, 736, 44, 30, 45]
[5, 8, 10] --> [5, 36, 43, 10, 736, 31, 44]
[6, 7, 10] --> [5, 36, 43, 10, 736, 31, 44]
[6, 8, 9] --> [5, 36, 43, 10, 736, 44, 45]
[1, 9, 13] --> [5, 36, 9, 43, 736, 44, 45]
[1, 10, 12] --> [39, 5, 36, 9, 43, 10, 44]
[3, 9, 11] --> [39, 5, 9, 43, 736, 44, 45]
[3, 7, 13] --> [5, 36, 9, 43, 736, 44, 45]
[3, 8, 12] --> [5, 36, 9, 43, 10, 44, 45]
[3, 4, 7, 9] --> [5, 36, 43, 736, 31, 44, 45]
[3, 6, 13] --> [5, 37, 9, 43, 736, 44, 45]
[3, 8, 11] --> [5, 36, 9, 43, 10, 44, 45]
[3, 7, 12] --> [5, 36, 9, 43, 10, 44, 45]
[1, 8, 13] --> [5, 36, 37, 9, 43, 44, 45]
[1, 10, 11] --> [39, 5, 36, 9, 43, 10, 44]
[1, 9, 12] --> [39, 5, 36, 9, 43, 10, 44]
[6, 7, 9] --> [5, 36, 43, 10, 736, 44, 45]
[5, 8, 9] --> [5, 36, 43, 10, 736, 44, 45]
[10, 12] --> [5, 36, 43, 10, 736, 31, 44]
[9, 13] --> [5, 36, 9, 43, 736, 44, 45]
[4, 7, 11] --> [5, 36, 43, 10, 736, 44, 45]
[4, 8, 10] --> [5, 36, 43, 10, 736, 31, 44]
[5, 7, 10] --> [5, 36, 43, 10, 736, 31, 44]
[1, 4, 7, 10] --> [5, 36, 43, 10, 736, 44, 45]
[1, 4, 8, 9] --> [5, 36, 43, 10, 736, 44, 45]
[1, 5, 7, 9] --> [5, 36, 43, 10, 736, 44, 45]
[2, 9, 11] --> [5, 36, 9, 43, 10, 736, 44]
[2, 7, 13] --> [5, 36, 9, 43, 736, 44, 45]
[2, 8, 12] --> [5, 36, 9, 43, 10, 736, 44]
[2, 4, 7, 9] --> [5, 36, 43, 736, 31, 44, 45]
[3, 6, 7, 9] --> [5, 36, 43, 10, 736, 44, 45]
[3, 5, 8, 9] --> [5, 36, 43, 10, 736, 44, 45]
[3, 5, 7, 10] --> [5, 36, 43, 736, 31, 44, 45]
[3, 4, 8, 10] --> [5, 36, 43, 10, 736, 44, 45]
[3, 4, 7, 11] --> [5, 36, 9, 43, 736, 44, 45]
[3, 10, 12] --> [5, 36, 43, 10, 736, 44, 45]
[3, 9, 13] --> [5, 36, 9, 43, 736, 44, 45]
[2, 6, 8, 9] --> [5, 36, 43, 10, 736, 44, 45]
[2, 6, 7, 10] --> [5, 36, 43, 10, 736, 44, 45]
[2, 5, 8, 10] --> [5, 36, 43, 10, 736, 44, 45]
[1, 4, 9, 11] --> [5, 36, 9, 43, 10, 736, 44]
[6, 8, 11] --> [5, 36, 9, 43, 10, 736, 44]
[6, 7, 12] --> [5, 36, 9, 43, 10, 736, 44]
[5, 8, 12] --> [5, 36, 9, 43, 10, 736, 44]
[4, 10, 11] --> [5, 36, 43, 10, 736, 589, 44]
[4, 9, 12] --> [5, 36, 43, 10, 736, 31, 44]
[4, 8, 13] --> [5, 36, 43, 10, 736, 44, 45]
[5, 9, 11] --> [5, 36, 43, 10, 736, 589, 44]
[5, 7, 13] --> [5, 36, 9, 43, 736, 44, 45]
[1, 4, 7, 13] --> [5, 36, 9, 43, 736, 44, 45]
[1, 4, 8, 12] --> [5, 36, 9, 43, 10, 736, 44]
[1, 5, 7, 12] --> [5, 36, 9, 43, 10, 736, 44]
[1, 5, 8, 11] --> [5, 36, 9, 43, 10, 736, 44]
[1, 6, 7, 11] --> [5, 36, 9, 43, 10, 736, 44]
[1, 6, 8, 10] --> [5, 36, 9, 43, 10, 736, 44]
[2, 10, 13] --> [5, 36, 9, 43, 736, 44, 45]
[2, 4, 7, 12] --> [5, 36, 43, 10, 736, 44, 45]
[2, 4, 8, 11] --> [5, 36, 9, 43, 10, 736, 44]
[2, 5, 7, 11] --> [5, 36, 9, 43, 10, 736, 44]
[3, 5, 7, 9] --> [5, 36, 43, 10, 736, 44, 45]
[3, 4, 8, 9] --> [5, 36, 43, 10, 736, 44, 45]
[3, 4, 7, 10] --> [5, 36, 43, 736, 31, 44, 45]
[3, 8, 13] --> [5, 37, 9, 43, 736, 44, 45]
[3, 10, 11] --> [5, 36, 9, 43, 736, 44, 45]
[3, 9, 12] --> [5, 36, 43, 10, 736, 44, 45]
[2, 6, 7, 9] --> [5, 36, 43, 10, 736, 44, 45]
[2, 5, 8, 9] --> [5, 36, 43, 10, 736, 44, 45]
[1, 10, 13] --> [5, 36, 9, 43, 736, 44, 45]
[6, 8, 10] --> [5, 36, 43, 10, 736, 31, 44]
[6, 7, 11] --> [5, 36, 9, 43, 10, 736, 44]
[5, 8, 11] --> [5, 36, 9, 43, 10, 736, 44]
[4, 9, 11] --> [5, 36, 43, 10, 736, 589, 44]
[4, 7, 13] --> [5, 36, 43, 736, 44, 30, 45]
[4, 8, 12] --> [5, 36, 9, 43, 10, 736, 44]
[5, 7, 12] --> [5, 36, 9, 43, 10, 736, 44]
[1, 4, 7, 12] --> [5, 36, 9, 43, 10, 736, 44]
[1, 4, 8, 11] --> [5, 36, 9, 43, 10, 736, 44]
[1, 5, 7, 11] --> [5, 36, 9, 43, 10, 736, 44]
[1, 5, 8, 10] --> [5, 36, 9, 43, 10, 736, 44]
[1, 6, 7, 10] --> [5, 36, 43, 10, 736, 44, 45]
[1, 6, 8, 9] --> [5, 36, 9, 43, 10, 736, 44]
[2, 9, 13] --> [5, 36, 9, 43, 736, 44, 45]
[2, 10, 12] --> [5, 36, 9, 43, 10, 736, 44]
[2, 4, 7, 11] --> [5, 36, 9, 43, 736, 44, 45]
[2, 4, 8, 10] --> [5, 36, 43, 10, 736, 44, 30]
[2, 5, 7, 10] --> [5, 36, 43, 10, 736, 44, 45]
[3, 6, 8, 10] --> [5, 36, 43, 10, 736, 44, 45]
[3, 6, 7, 11] --> [5, 36, 9, 43, 736, 44, 45]
[3, 5, 8, 11] --> [5, 9, 43, 10, 736, 44, 45]
[3, 5, 7, 12] --> [5, 36, 43, 10, 736, 44, 45]
[3, 4, 8, 12] --> [5, 36, 43, 10, 736, 44, 45]
[3, 4, 7, 13] --> [5, 36, 9, 43, 736, 44, 45]
[3, 4, 9, 11] --> [5, 36, 43, 10, 736, 44, 45]
[2, 6, 8, 11] --> [5, 36, 9, 43, 10, 736, 44]
[2, 6, 7, 12] --> [5, 36, 9, 43, 10, 736, 44]
[2, 5, 8, 12] --> [5, 36, 9, 43, 10, 736, 44]
[1, 4, 10, 12] --> [5, 36, 9, 43, 10, 736, 44]
[1, 4, 9, 13] --> [5, 36, 9, 43, 736, 44, 45]
[6, 8, 13] --> [5, 36, 43, 10, 736, 44, 45]
[6, 10, 11] --> [5, 36, 43, 10, 736, 589, 44]
[6, 9, 12] --> [5, 36, 43, 10, 736, 589, 44]
[4, 10, 13] --> [5, 36, 43, 736, 44, 45, 30]
[7, 9, 11] --> [5, 36, 9, 43, 10, 736, 44]
[5, 9, 13] --> [5, 36, 43, 10, 736, 44, 45]
[5, 10, 12] --> [39, 5, 36, 43, 10, 736, 44]
[1, 5, 9, 12] --> [5, 36, 9, 43, 10, 736, 44]
[1, 5, 10, 11] --> [5, 36, 9, 43, 10, 736, 44]
[1, 5, 8, 13] --> [5, 36, 9, 43, 10, 44, 45]
[1, 6, 9, 11] --> [5, 36, 9, 43, 10, 736, 44]
[1, 6, 7, 13] --> [5, 36, 9, 43, 736, 44, 45]
[1, 6, 8, 12] --> [5, 36, 9, 43, 10, 736, 44]
[2, 4, 9, 12] --> [5, 36, 43, 10, 736, 44, 45]
[2, 4, 10, 11] --> [5, 36, 9, 43, 10, 736, 44]
[2, 4, 8, 13] --> [5, 36, 9, 43, 736, 44, 45]
[2, 5, 9, 11] --> [5, 36, 9, 43, 10, 736, 44]
[2, 5, 7, 13] --> [5, 36, 9, 43, 736, 44, 45]
[3, 6, 8, 9] --> [5, 36, 43, 10, 736, 44, 45]
[3, 6, 7, 10] --> [5, 36, 43, 736, 31, 44, 45]
[3, 5, 8, 10] --> [5, 36, 43, 10, 736, 44, 45]
[3, 5, 7, 11] --> [5, 36, 9, 43, 736, 44, 45]
[3, 4, 8, 11] --> [5, 36, 43, 10, 736, 44, 45]
[3, 4, 7, 12] --> [5, 36, 43, 10, 736, 44, 45]
[3, 10, 13] --> [5, 36, 9, 43, 736, 44, 45]
[2, 6, 8, 10] --> [5, 36, 43, 10, 736, 44, 45]
[2, 6, 7, 11] --> [5, 36, 9, 43, 10, 736, 44]
[2, 5, 8, 11] --> [5, 36, 9, 43, 10, 736, 44]
[1, 4, 10, 11] --> [5, 36, 9, 43, 10, 736, 44]
[1, 4, 9, 12] --> [5, 36, 9, 43, 10, 736, 44]
[6, 8, 12] --> [5, 36, 9, 43, 10, 736, 44]
[6, 7, 13] --> [5, 36, 43, 10, 736, 44, 45]
[6, 9, 11] --> [5, 36, 43, 10, 736, 589, 44]
[5, 8, 13] --> [5, 36, 43, 10, 736, 44, 45]
[4, 10, 12] --> [5, 36, 43, 10, 736, 31, 44]
[4, 9, 13] --> [5, 36, 43, 736, 44, 30, 45]
[5, 9, 12] --> [39, 5, 36, 43, 10, 736, 44]
[5, 10, 11] --> [5, 36, 43, 10, 736, 589, 44]
[1, 4, 8, 13] --> [5, 36, 9, 43, 736, 44, 45]
[1, 5, 9, 11] --> [5, 36, 9, 43, 10, 736, 44]
[1, 5, 7, 13] --> [5, 36, 9, 43, 736, 44, 45]
[1, 5, 8, 12] --> [5, 36, 9, 43, 10, 736, 44]
[1, 6, 7, 12] --> [5, 36, 9, 43, 10, 736, 44]
[1, 6, 8, 11] --> [5, 36, 9, 43, 10, 736, 44]
[2, 4, 9, 11] --> [5, 36, 9, 43, 10, 736, 44]
[2, 4, 7, 13] --> [5, 36, 9, 43, 736, 44, 45]
[2, 4, 8, 12] --> [5, 36, 9, 43, 10, 736, 44]
[2, 5, 7, 12] --> [5, 36, 9, 43, 10, 736, 44]
[3, 6, 8, 12] --> [5, 36, 43, 10, 736, 44, 45]
[3, 6, 7, 13] --> [5, 36, 9, 43, 736, 44, 45]
[3, 6, 9, 11] --> [5, 9, 43, 10, 736, 44, 45]
[3, 5, 8, 13] --> [5, 9, 43, 10, 736, 44, 45]
[3, 5, 10, 11] --> [5, 36, 43, 10, 736, 44, 45]
[3, 5, 9, 12] --> [5, 36, 43, 10, 736, 44, 45]
[3, 4, 10, 12] --> [5, 36, 43, 10, 736, 44, 45]
[3, 4, 9, 13] --> [5, 36, 43, 736, 44, 30, 45]
[2, 6, 8, 13] --> [5, 36, 9, 43, 736, 44, 45]
[2, 6, 10, 11] --> [5, 36, 9, 43, 10, 736, 44]
[2, 6, 9, 12] --> [5, 36, 9, 43, 10, 736, 44]
[1, 8, 9, 11] --> [5, 36, 9, 43, 10, 736, 44]
[1, 7, 10, 11] --> [39, 5, 36, 9, 43, 736, 44]
[1, 7, 9, 12] --> [5, 36, 9, 43, 10, 736, 44]
[6, 10, 13] --> [5, 36, 43, 10, 736, 44, 45]
[8, 10, 11] --> [5, 36, 9, 43, 10, 736, 44]
[8, 9, 12] --> [5, 36, 9, 43, 10, 736, 44]
[7, 9, 13] --> [5, 36, 9, 43, 736, 44, 45]
[7, 10, 12] --> [5, 36, 43, 10, 736, 31, 44]
[1, 5, 10, 13] --> [5, 36, 9, 43, 736, 44, 45]
[1, 6, 9, 13] --> [5, 36, 9, 43, 736, 44, 45]
[1, 6, 10, 12] --> [5, 36, 9, 43, 10, 736, 44]
[2, 7, 9, 11] --> [5, 36, 9, 43, 736, 44, 45]
[2, 4, 10, 13] --> [5, 36, 43, 736, 44, 30, 45]
[2, 5, 9, 13] --> [5, 36, 9, 43, 736, 44, 45]
[2, 5, 10, 12] --> [5, 36, 9, 43, 10, 736, 44]
[3, 6, 8, 11] --> [5, 9, 43, 10, 736, 44, 45]
[3, 6, 7, 12] --> [5, 36, 43, 10, 736, 44, 45]
[3, 5, 8, 12] --> [5, 36, 43, 10, 736, 44, 45]
[3, 5, 7, 13] --> [5, 36, 9, 43, 736, 44, 45]
[3, 5, 9, 11] --> [5, 9, 43, 10, 736, 44, 45]
[3, 4, 8, 13] --> [5, 36, 9, 43, 736, 44, 45]
[3, 4, 10, 11] --> [5, 36, 43, 10, 736, 44, 45]
[3, 4, 9, 12] --> [5, 36, 43, 10, 736, 44, 45]
[2, 6, 8, 12] --> [5, 36, 9, 43, 10, 736, 44]
[2, 6, 7, 13] --> [5, 36, 9, 43, 736, 44, 45]
[2, 6, 9, 11] --> [5, 36, 9, 43, 10, 736, 44]
[2, 5, 8, 13] --> [5, 36, 9, 43, 736, 44, 45]
[1, 4, 10, 13] --> [5, 36, 9, 43, 736, 44, 45]
[1, 7, 9, 11] --> [39, 5, 36, 9, 43, 736, 44]
[6, 10, 12] --> [5, 36, 43, 10, 736, 589, 44]
[6, 9, 13] --> [5, 36, 43, 10, 736, 44, 45]
[8, 9, 11] --> [5, 36, 9, 43, 10, 736, 44]
[7, 9, 12] --> [5, 36, 43, 10, 736, 31, 44]
[7, 10, 11] --> [5, 36, 43, 10, 736, 589, 44]
[5, 10, 13] --> [5, 36, 43, 10, 736, 44, 45]
[1, 5, 9, 13] --> [5, 36, 9, 43, 736, 44, 45]
[1, 5, 10, 12] --> [5, 36, 9, 43, 10, 736, 44]
[1, 6, 9, 12] --> [5, 36, 9, 43, 10, 736, 44]
[1, 6, 10, 11] --> [5, 36, 9, 43, 10, 736, 44]
[1, 6, 8, 13] --> [5, 36, 9, 43, 10, 44, 45]
[2, 4, 9, 13] --> [5, 36, 43, 736, 44, 30, 45]
[2, 4, 10, 12] --> [5, 36, 43, 10, 736, 44, 30]
[2, 5, 9, 12] --> [5, 36, 9, 43, 10, 736, 44]
[2, 5, 10, 11] --> [5, 36, 9, 43, 10, 736, 44]
[2, 8, 10, 11] --> [5, 36, 9, 43, 10, 736, 44]
[2, 8, 9, 12] --> [5, 36, 9, 43, 10, 736, 44]
[2, 7, 10, 12] --> [5, 36, 9, 43, 10, 736, 44]
[2, 7, 9, 13] --> [5, 36, 9, 43, 736, 44, 45]
[4, 7, 9, 11] --> [5, 36, 43, 10, 736, 44, 45]
[8, 10, 13] --> [5, 36, 43, 10, 736, 44, 45]
[1, 7, 10, 13] --> [5, 36, 9, 43, 736, 44, 45]
[1, 8, 9, 13] --> [5, 36, 9, 43, 736, 44, 45]
[1, 8, 10, 12] --> [5, 36, 9, 43, 10, 736, 44]
[2, 6, 10, 13] --> [5, 36, 9, 43, 736, 44, 45]
[3, 7, 9, 12] --> [5, 36, 43, 10, 736, 44, 45]
[3, 7, 10, 11] --> [5, 36, 9, 43, 736, 44, 45]
[3, 8, 9, 11] --> [5, 36, 9, 43, 736, 44, 45]
[3, 5, 10, 13] --> [5, 36, 9, 43, 736, 44, 45]
[3, 6, 10, 12] --> [5, 36, 43, 10, 736, 44, 45]
[3, 6, 9, 13] --> [5, 36, 9, 43, 736, 44, 45]
[2, 5, 10, 13] --> [5, 36, 9, 43, 736, 44, 45]
[2, 8, 9, 11] --> [5, 36, 9, 43, 10, 736, 44]
[2, 7, 10, 11] --> [5, 36, 9, 43, 736, 44, 45]
[2, 7, 9, 12] --> [5, 36, 9, 43, 10, 736, 44]
[1, 6, 10, 13] --> [5, 36, 9, 43, 736, 44, 45]
[7, 10, 13] --> [5, 36, 43, 736, 31, 44, 45]
[8, 9, 13] --> [5, 36, 43, 10, 736, 44, 45]
[8, 10, 12] --> [5, 36, 43, 10, 736, 31, 44]
[1, 7, 9, 13] --> [5, 36, 9, 43, 736, 44, 45]
[1, 7, 10, 12] --> [5, 36, 9, 43, 10, 736, 44]
[1, 8, 9, 12] --> [5, 36, 9, 43, 10, 736, 44]
[1, 8, 10, 11] --> [5, 36, 9, 43, 10, 736, 44]
[2, 6, 9, 13] --> [5, 36, 9, 43, 736, 44, 45]
[2, 6, 10, 12] --> [5, 36, 9, 43, 10, 736, 44]
[3, 7, 9, 11] --> [5, 36, 9, 43, 736, 44, 45]
[3, 4, 10, 13] --> [5, 36, 43, 736, 44, 30, 45]
[3, 5, 9, 13] --> [5, 36, 9, 43, 736, 44, 45]
[3, 5, 10, 12] --> [5, 36, 43, 10, 736, 44, 45]
[3, 6, 9, 12] --> [5, 36, 43, 10, 736, 44, 45]
[3, 6, 10, 11] --> [5, 36, 43, 10, 736, 44, 45]
[3, 6, 8, 13] --> [5, 9, 43, 10, 736, 44, 45]
[2, 5, 7, 9, 11] --> [5, 36, 9, 43, 10, 736, 44]
[2, 4, 8, 9, 11] --> [5, 36, 9, 43, 10, 736, 44]
[2, 4, 7, 10, 11] --> [5, 36, 43, 10, 736, 44, 45]
[2, 4, 7, 9, 12] --> [5, 36, 43, 10, 736, 44, 45]
[1, 6, 7, 9, 11] --> [5, 36, 9, 43, 10, 736, 44]
[1, 5, 8, 9, 11] --> [5, 36, 9, 43, 10, 736, 44]
[1, 5, 7, 10, 11] --> [5, 36, 9, 43, 10, 736, 44]
[1, 5, 7, 9, 12] --> [5, 36, 9, 43, 10, 736, 44]
[1, 4, 8, 10, 11] --> [5, 36, 9, 43, 10, 736, 44]
[1, 4, 8, 9, 12] --> [5, 36, 9, 43, 10, 736, 44]
[1, 4, 7, 10, 12] --> [5, 36, 9, 43, 10, 736, 44]
[1, 4, 7, 9, 13] --> [5, 36, 9, 43, 736, 44, 45]
[5, 7, 10, 12] --> [5, 36, 43, 10, 736, 31, 44]
[5, 7, 9, 13] --> [5, 36, 43, 10, 736, 44, 45]
[4, 8, 10, 12] --> [5, 36, 43, 10, 736, 31, 44]
[4, 8, 9, 13] --> [5, 36, 43, 10, 736, 44, 45]
[4, 7, 10, 13] --> [5, 36, 43, 736, 31, 44, 45]
[5, 8, 9, 12] --> [5, 36, 9, 43, 10, 736, 44]
[5, 8, 10, 11] --> [5, 36, 43, 10, 736, 589, 44]
[6, 7, 9, 12] --> [5, 36, 43, 10, 736, 44, 45]
[6, 7, 10, 11] --> [5, 36, 43, 10, 736, 589, 44]
[6, 8, 9, 11] --> [5, 36, 43, 10, 736, 589, 44]
[3, 8, 10, 13] --> [5, 36, 9, 43, 736, 44, 45]
[3, 4, 7, 9, 11] --> [5, 36, 43, 10, 736, 44, 45]
[2, 5, 7, 10, 11] --> [5, 36, 9, 43, 10, 736, 44]
[2, 5, 7, 9, 12] --> [5, 36, 43, 10, 736, 44, 45]
[2, 4, 8, 10, 11] --> [5, 36, 9, 43, 10, 736, 44]
[2, 4, 8, 9, 12] --> [5, 36, 43, 10, 736, 44, 45]
[2, 4, 7, 10, 12] --> [5, 36, 43, 10, 736, 31, 44]
[2, 4, 7, 9, 13] --> [5, 36, 43, 736, 44, 30, 45]
[1, 6, 8, 9, 11] --> [5, 36, 9, 43, 10, 736, 44]
[1, 6, 7, 10, 11] --> [5, 36, 9, 43, 10, 736, 44]
[1, 6, 7, 9, 12] --> [5, 36, 9, 43, 10, 736, 44]
[1, 5, 8, 10, 11] --> [5, 36, 9, 43, 10, 736, 44]
[1, 5, 8, 9, 12] --> [5, 36, 9, 43, 10, 736, 44]
[1, 5, 7, 10, 12] --> [5, 36, 9, 43, 10, 736, 44]
[1, 5, 7, 9, 13] --> [5, 36, 9, 43, 736, 44, 45]
[1, 4, 8, 10, 12] --> [5, 36, 9, 43, 10, 736, 44]
[1, 4, 8, 9, 13] --> [5, 36, 9, 43, 736, 44, 45]
[1, 4, 7, 10, 13] --> [5, 36, 9, 43, 736, 44, 45]
[5, 7, 10, 13] --> [5, 36, 43, 10, 736, 44, 45]
[4, 8, 10, 13] --> [5, 36, 43, 10, 736, 44, 45]
[5, 8, 9, 13] --> [5, 36, 43, 10, 736, 44, 45]
[5, 8, 10, 12] --> [5, 36, 43, 10, 736, 31, 44]
[6, 7, 9, 13] --> [5, 36, 43, 10, 736, 44, 45]
[6, 7, 10, 12] --> [5, 36, 43, 10, 736, 31, 44]
[6, 8, 9, 12] --> [5, 36, 43, 10, 736, 589, 44]
[6, 8, 10, 11] --> [5, 36, 43, 10, 736, 589, 44]
[2, 5, 8, 9, 11] --> [5, 36, 9, 43, 10, 736, 44]
[2, 6, 7, 9, 11] --> [5, 36, 9, 43, 10, 736, 44]
[3, 4, 7, 9, 12] --> [5, 36, 43, 10, 736, 44, 45]
[3, 4, 7, 10, 11] --> [5, 36, 43, 736, 31, 44, 45]
[3, 4, 8, 9, 11] --> [5, 36, 43, 10, 736, 44, 45]
[3, 5, 7, 9, 11] --> [5, 36, 43, 10, 736, 44, 45]
[2, 8, 10, 12] --> [5, 36, 9, 43, 10, 736, 44]
[2, 8, 9, 13] --> [5, 36, 9, 43, 736, 44, 45]
[2, 7, 10, 13] --> [5, 36, 9, 43, 736, 44, 45]
[1, 4, 7, 9, 11] --> [5, 36, 9, 43, 10, 736, 44]
[5, 7, 9, 11] --> [5, 36, 43, 10, 736, 589, 44]
[4, 8, 9, 11] --> [5, 36, 43, 10, 736, 589, 44]
[4, 7, 10, 11] --> [5, 36, 43, 10, 736, 31, 44]
[4, 7, 9, 12] --> [5, 36, 43, 10, 736, 31, 44]
[1, 8, 10, 13] --> [5, 36, 9, 43, 736, 44, 45]
[3, 7, 9, 13] --> [5, 36, 9, 43, 736, 44, 45]
[3, 7, 10, 12] --> [5, 36, 43, 10, 736, 44, 45]
[3, 8, 9, 12] --> [5, 36, 43, 10, 736, 44, 45]
[3, 8, 10, 11] --> [5, 36, 9, 43, 10, 736, 44]
[3, 6, 10, 13] --> [5, 36, 9, 43, 736, 44, 45]
[2, 4, 7, 9, 11] --> [5, 36, 43, 10, 736, 44, 45]
[2, 8, 10, 13] --> [5, 36, 9, 43, 736, 44, 45]
[1, 5, 7, 9, 11] --> [5, 36, 9, 43, 10, 736, 44]
[1, 4, 8, 9, 11] --> [5, 36, 9, 43, 10, 736, 44]
[1, 4, 7, 10, 11] --> [5, 36, 9, 43, 10, 736, 44]
[1, 4, 7, 9, 12] --> [5, 36, 9, 43, 10, 736, 44]
[5, 7, 10, 11] --> [5, 36, 43, 10, 736, 589, 44]
[5, 7, 9, 12] --> [5, 36, 43, 10, 736, 31, 44]
[4, 8, 10, 11] --> [5, 36, 43, 10, 736, 589, 44]
[4, 8, 9, 12] --> [5, 36, 43, 10, 736, 31, 44]
[4, 7, 10, 12] --> [5, 36, 43, 10, 736, 31, 44]
[4, 7, 9, 13] --> [5, 36, 43, 736, 31, 44, 45]
[5, 8, 9, 11] --> [5, 36, 9, 43, 10, 736, 44]
[6, 7, 9, 11] --> [5, 36, 43, 10, 736, 589, 44]
[3, 7, 10, 13] --> [5, 36, 43, 736, 31, 44, 45]
[3, 8, 9, 13] --> [5, 36, 9, 43, 736, 44, 45]
[3, 8, 10, 12] --> [5, 36, 43, 10, 736, 44, 45]
[1, 6, 8, 10, 13] --> [5, 36, 9, 43, 10, 736, 44]
[2, 5, 8, 10, 13] --> [5, 36, 43, 10, 736, 44, 45]
[2, 6, 7, 10, 13] --> [5, 36, 9, 43, 736, 44, 45]
[2, 6, 8, 9, 13] --> [5, 36, 43, 10, 736, 44, 45]
[2, 6, 8, 10, 12] --> [5, 36, 9, 43, 10, 736, 44]
[3, 4, 8, 10, 13] --> [5, 36, 43, 10, 736, 44, 45]
[3, 5, 7, 10, 13] --> [5, 36, 43, 736, 31, 44, 45]
[3, 5, 8, 9, 13] --> [5, 36, 43, 10, 736, 44, 45]
[3, 5, 8, 10, 12] --> [5, 36, 43, 10, 736, 44, 45]
[3, 6, 7, 9, 13] --> [5, 36, 9, 43, 736, 44, 45]
[3, 6, 7, 10, 12] --> [5, 36, 43, 10, 736, 44, 45]
[3, 6, 8, 9, 12] --> [5, 36, 43, 10, 736, 44, 45]
[3, 6, 8, 10, 11] --> [5, 36, 43, 10, 736, 44, 45]
[2, 6, 8, 10, 13] --> [5, 36, 43, 10, 736, 44, 45]
[3, 5, 8, 10, 13] --> [5, 36, 43, 10, 736, 44, 45]
[3, 6, 7, 10, 13] --> [5, 36, 43, 736, 31, 44, 45]
[3, 6, 8, 9, 13] --> [5, 36, 43, 10, 736, 44, 45]
[3, 6, 8, 10, 12] --> [5, 36, 43, 10, 736, 44, 45]
[2, 5, 7, 10, 12] --> [5, 36, 9, 43, 10, 736, 44]
[2, 5, 7, 9, 13] --> [5, 36, 9, 43, 736, 44, 45]
[2, 4, 8, 10, 12] --> [5, 36, 43, 10, 736, 44, 30]
[2, 4, 8, 9, 13] --> [5, 36, 43, 10, 736, 44, 45]
[2, 4, 7, 10, 13] --> [5, 36, 43, 736, 44, 30, 45]
[1, 6, 8, 10, 11] --> [5, 36, 9, 43, 10, 736, 44]
[1, 6, 8, 9, 12] --> [5, 36, 9, 43, 10, 736, 44]
[1, 6, 7, 10, 12] --> [5, 36, 9, 43, 10, 736, 44]
[1, 6, 7, 9, 13] --> [5, 36, 9, 43, 736, 44, 45]
[1, 5, 8, 10, 12] --> [5, 36, 9, 43, 10, 736, 44]
[1, 5, 8, 9, 13] --> [5, 36, 9, 43, 10, 736, 44]
[1, 5, 7, 10, 13] --> [5, 36, 9, 43, 736, 44, 45]
[1, 4, 8, 10, 13] --> [5, 36, 43, 10, 736, 44, 45]
[5, 8, 10, 13] --> [5, 36, 43, 10, 736, 44, 45]
[6, 7, 10, 13] --> [5, 36, 43, 10, 736, 44, 45]
[6, 8, 9, 13] --> [5, 36, 43, 10, 736, 44, 45]
[6, 8, 10, 12] --> [5, 36, 43, 10, 736, 589, 44]
[2, 5, 8, 9, 12] --> [5, 36, 9, 43, 10, 736, 44]
[2, 5, 8, 10, 11] --> [5, 36, 9, 43, 10, 736, 44]
[2, 6, 7, 9, 12] --> [5, 36, 43, 10, 736, 44, 45]
[2, 6, 7, 10, 11] --> [5, 36, 9, 43, 10, 736, 44]
[2, 6, 8, 9, 11] --> [5, 36, 9, 43, 10, 736, 44]
[3, 4, 7, 9, 13] --> [5, 36, 43, 736, 44, 30, 45]
[3, 4, 7, 10, 12] --> [5, 36, 43, 10, 736, 44, 45]
[3, 4, 8, 9, 12] --> [5, 36, 43, 10, 736, 44, 45]
[3, 4, 8, 10, 11] --> [5, 36, 43, 10, 736, 44, 45]
[3, 5, 7, 9, 12] --> [5, 36, 43, 10, 736, 44, 45]
[3, 5, 7, 10, 11] --> [5, 36, 43, 10, 736, 44, 45]
[3, 5, 8, 9, 11] --> [5, 36, 43, 10, 736, 44, 45]
[3, 6, 7, 9, 11] --> [5, 36, 43, 10, 736, 44, 45]
[2, 5, 7, 10, 13] --> [5, 36, 9, 43, 736, 44, 45]
[2, 4, 8, 10, 13] --> [5, 36, 43, 10, 736, 44, 45]
[1, 6, 8, 10, 12] --> [5, 36, 9, 43, 10, 736, 44]
[1, 6, 8, 9, 13] --> [5, 36, 9, 43, 10, 736, 44]
[1, 6, 7, 10, 13] --> [5, 36, 9, 43, 736, 44, 45]
[1, 5, 8, 10, 13] --> [5, 36, 9, 43, 10, 736, 44]
[6, 8, 10, 13] --> [5, 36, 43, 10, 736, 44, 45]
[2, 5, 8, 9, 13] --> [5, 36, 43, 10, 736, 44, 45]
[2, 5, 8, 10, 12] --> [5, 36, 9, 43, 10, 736, 44]
[2, 6, 7, 9, 13] --> [5, 36, 9, 43, 736, 44, 45]
[2, 6, 7, 10, 12] --> [5, 36, 9, 43, 10, 736, 44]
[2, 6, 8, 9, 12] --> [5, 36, 9, 43, 10, 736, 44]
[2, 6, 8, 10, 11] --> [5, 36, 9, 43, 10, 736, 44]
[3, 4, 7, 10, 13] --> [5, 36, 43, 736, 31, 44, 45]
[3, 4, 8, 9, 13] --> [5, 36, 43, 10, 736, 44, 45]
[3, 4, 8, 10, 12] --> [5, 36, 43, 10, 736, 44, 45]
[3, 5, 7, 9, 13] --> [5, 36, 9, 43, 736, 44, 45]
[3, 5, 7, 10, 12] --> [5, 36, 43, 10, 736, 44, 45]
[3, 5, 8, 9, 12] --> [5, 36, 43, 10, 736, 44, 45]
[3, 5, 8, 10, 11] --> [5, 36, 43, 10, 736, 44, 45]
[3, 6, 7, 9, 12] --> [5, 36, 43, 10, 736, 44, 45]
[3, 6, 7, 10, 11] --> [5, 36, 43, 10, 736, 44, 45]
[3, 6, 8, 9, 11] --> [5, 36, 43, 10, 736, 44, 45]
[3, 6, 8, 10, 13] --> [5, 36, 43, 10, 736, 44, 45]
