[] --> 1
[1] --> 5
[2] --> 736
[3] --> 736
[4] --> 736
[5] --> 736
[1, 4] --> 9
[2, 4] --> 736
[1, 5] --> 9
[6] --> 736
[7] --> 122
[3, 4] --> 736
[1, 6] --> 5
[2, 5] --> 736
[3, 5] --> 736
[2, 6] --> 736
[1, 7] --> 9
[8] --> 10
[3, 6] --> 736
[1, 8] --> 5
[9] --> 736
[2, 7] --> 122
[2, 8] --> 736
[10] --> 122
[3, 7] --> 736
[1, 9] --> 9
[2, 9] --> 736
[4, 7] --> 589
[11] --> 9
[1, 10] --> 5
[3, 8] --> 736
[2, 10] --> 736
[1, 4, 7] --> 9
[5, 7] --> 589
[4, 8] --> 736
[12] --> 10
[1, 11] --> 9
[3, 9] --> 736
[2, 4, 7] --> 736
[2, 11] --> 9
[1, 5, 7] --> 9
[1, 4, 8] --> 5
[13] --> 9
[4, 9] --> 736
[5, 8] --> 736
[6, 7] --> 589
[1, 12] --> 10
[3, 10] --> 736
[3, 4, 7] --> 736
[3, 11] --> 9
[1, 4, 9] --> 9
[1, 13] --> 9
[6, 8] --> 10
[4, 10] --> 736
[5, 9] --> 736
[1, 5, 8] --> 5
[1, 6, 7] --> 589
[2, 12] --> 10
[2, 4, 8] --> 736
[2, 5, 7] --> 736
[3, 5, 7] --> 736
[3, 4, 8] --> 736
[3, 12] --> 10
[2, 6, 7] --> 736
[2, 5, 8] --> 736
[1, 4, 10] --> 736
[6, 9] --> 736
[4, 11] --> 9
[5, 10] --> 736
[1, 5, 9] --> 9
[1, 6, 8] --> 5
[2, 13] --> 736
[2, 4, 9] --> 736
[3, 6, 8] --> 736
[3, 5, 9] --> 736
[3, 4, 10] --> 736
[2, 6, 9] --> 736
[1, 4, 12] --> 10
[1, 7, 9] --> 9
[6, 11] --> 589
[4, 13] --> 9
[8, 9] --> 736
[7, 10] --> 122
[5, 12] --> 10
[1, 5, 11] --> 9
[1, 6, 10] --> 5
[2, 4, 11] --> 9
[2, 5, 10] --> 736
[2, 5, 9] --> 736
[2, 4, 10] --> 736
[1, 6, 9] --> 9
[1, 5, 10] --> 736
[5, 11] --> 9
[7, 9] --> 589
[3, 6, 7] --> 736
[3, 5, 8] --> 736
[3, 4, 9] --> 736
[3, 13] --> 736
[2, 6, 8] --> 736
[1, 4, 11] --> 9
[6, 10] --> 736
[4, 12] --> 10
[2, 5, 12] --> 10
[2, 4, 13] --> 736
[2, 8, 9] --> 736
[2, 7, 10] --> 122
[1, 6, 12] --> 10
[1, 5, 13] --> 9
[7, 12] --> 10
[8, 11] --> 9
[6, 13] --> 736
[1, 7, 11] --> 9
[1, 8, 10] --> 5
[2, 6, 11] --> 9
[3, 7, 9] --> 736
[3, 4, 12] --> 10
[3, 5, 11] --> 736
[3, 6, 10] --> 736
[2, 5, 11] --> 9
[2, 4, 12] --> 10
[2, 7, 9] --> 736
[1, 6, 11] --> 9
[1, 5, 12] --> 10
[5, 13] --> 9
[7, 11] --> 589
[8, 10] --> 736
[6, 12] --> 10
[1, 7, 10] --> 9
[1, 8, 9] --> 9
[1, 4, 13] --> 9
[2, 6, 10] --> 736
[3, 4, 11] --> 736
[3, 5, 10] --> 736
[3, 6, 9] --> 736
[2, 8, 11] --> 9
[2, 7, 12] --> 10
[1, 4, 7, 9] --> 9
[5, 7, 9] --> 736
[4, 8, 9] --> 736
[4, 7, 10] --> 736
[9, 12] --> 10
[10, 11] --> 9
[8, 13] --> 9
[1, 9, 11] --> 9
[1, 7, 13] --> 9
[1, 8, 12] --> 10
[2, 6, 13] --> 736
[3, 7, 11] --> 589
[3, 8, 10] --> 736
[3, 5, 13] --> 736
[3, 6, 12] --> 10
[2, 5, 13] --> 736
[2, 8, 10] --> 736
[2, 7, 11] --> 589
[1, 6, 13] --> 9
[4, 7, 9] --> 736
[7, 13] --> 589
[9, 11] --> 9
[8, 12] --> 10
[1, 7, 12] --> 10
[1, 8, 11] --> 9
[2, 6, 12] --> 10
[3, 7, 10] --> 736
[3, 8, 9] --> 736
[3, 4, 13] --> 736
[3, 5, 12] --> 10
[3, 6, 11] --> 736
[2, 5, 7, 9] --> 736
[2, 4, 8, 9] --> 736
[2, 4, 7, 10] --> 736
[2, 8, 13] --> 736
[2, 10, 11] --> 9
[2, 9, 12] --> 10
[1, 6, 7, 9] --> 9
[1, 5, 8, 9] --> 9
[1, 5, 7, 10] --> 736
[1, 4, 8, 10] --> 736
[1, 4, 7, 11] --> 9
[5, 7, 11] --> 589
[4, 8, 11] --> 9
[4, 7, 12] --> 10
[10, 13] --> 9
[5, 8, 10] --> 736
[6, 7, 10] --> 589
[6, 8, 9] --> 736
[1, 9, 13] --> 9
[1, 10, 12] --> 10
[3, 9, 11] --> 9
[3, 7, 13] --> 736
[3, 8, 12] --> 10
[3, 4, 7, 9] --> 736
[3, 6, 13] --> 736
[3, 8, 11] --> 9
[3, 7, 12] --> 10
[1, 8, 13] --> 9
[1, 10, 11] --> 9
[1, 9, 12] --> 10
[6, 7, 9] --> 589
[5, 8, 9] --> 736
[10, 12] --> 10
[9, 13] --> 9
[4, 7, 11] --> 9
[4, 8, 10] --> 736
[5, 7, 10] --> 736
[1, 4, 7, 10] --> 736
[1, 4, 8, 9] --> 736
[1, 5, 7, 9] --> 9
[2, 9, 11] --> 9
[2, 7, 13] --> 589
[2, 8, 12] --> 10
[2, 4, 7, 9] --> 736
[3, 6, 7, 9] --> 736
[3, 5, 8, 9] --> 736
[3, 5, 7, 10] --> 736
[3, 4, 8, 10] --> 736
[3, 4, 7, 11] --> 9
[3, 10, 12] --> 10
[3, 9, 13] --> 736
[2, 6, 8, 9] --> 736
[2, 6, 7, 10] --> 736
[2, 5, 8, 10] --> 736
[1, 4, 9, 11] --> 9
[6, 8, 11] --> 589
[6, 7, 12] --> 10
[5, 8, 12] --> 10
[4, 10, 11] --> 9
[4, 9, 12] --> 10
[4, 8, 13] --> 736
[5, 9, 11] --> 9
[5, 7, 13] --> 589
[1, 4, 7, 13] --> 9
[1, 4, 8, 12] --> 10
[1, 5, 7, 12] --> 10
[1, 5, 8, 11] --> 9
[1, 6, 7, 11] --> 9
[1, 6, 8, 10] --> 5
[2, 10, 13] --> 736
[2, 4, 7, 12] --> 10
[2, 4, 8, 11] --> 9
[2, 5, 7, 11] --> 589
[3, 5, 7, 9] --> 736
[3, 4, 8, 9] --> 736
[3, 4, 7, 10] --> 736
[3, 8, 13] --> 736
[3, 10, 11] --> 736
[3, 9, 12] --> 10
[2, 6, 7, 9] --> 736
[2, 5, 8, 9] --> 736
[1, 10, 13] --> 9
[6, 8, 10] --> 736
[6, 7, 11] --> 589
[5, 8, 11] --> 9
[4, 9, 11] --> 9
[4, 7, 13] --> 9
[4, 8, 12] --> 10
[5, 7, 12] --> 10
[1, 4, 7, 12] --> 10
[1, 4, 8, 11] --> 9
[1, 5, 7, 11] --> 9
[1, 5, 8, 10] --> 736
[1, 6, 7, 10] --> 736
[1, 6, 8, 9] --> 736
[2, 9, 13] --> 736
[2, 10, 12] --> 10
[2, 4, 7, 11] --> 9
[2, 4, 8, 10] --> 736
[2, 5, 7, 10] --> 736
[3, 6, 8, 10] --> 736
[3, 6, 7, 11] --> 589
[3, 5, 8, 11] --> 736
[3, 5, 7, 12] --> 10
[3, 4, 8, 12] --> 10
[3, 4, 7, 13] --> 736
[3, 4, 9, 11] --> 736
[2, 6, 8, 11] --> 589
[2, 6, 7, 12] --> 10
[2, 5, 8, 12] --> 10
[1, 4, 10, 12] --> 10
[1, 4, 9, 13] --> 9
[6, 8, 13] --> 736
[6, 10, 11] --> 9
[6, 9, 12] --> 10
[4, 10, 13] --> 736
[7, 9, 11] --> 589
[5, 9, 13] --> 736
[5, 10, 12] --> 10
[1, 5, 9, 12] --> 10
[1, 5, 10, 11] --> 9
[1, 5, 8, 13] --> 9
[1, 6, 9, 11] --> 9
[1, 6, 7, 13] --> 9
[1, 6, 8, 12] --> 10
[2, 4, 9, 12] --> 10
[2, 4, 10, 11] --> 736
[2, 4, 8, 13] --> 736
[2, 5, 9, 11] --> 9
[2, 5, 7, 13] --> 736
[3, 6, 8, 9] --> 736
[3, 6, 7, 10] --> 736
[3, 5, 8, 10] --> 736
[3, 5, 7, 11] --> 9
[3, 4, 8, 11] --> 736
[3, 4, 7, 12] --> 10
[3, 10, 13] --> 736
[2, 6, 8, 10] --> 736
[2, 6, 7, 11] --> 589
[2, 5, 8, 11] --> 9
[1, 4, 10, 11] --> 9
[1, 4, 9, 12] --> 10
[6, 8, 12] --> 10
[6, 7, 13] --> 589
[6, 9, 11] --> 9
[5, 8, 13] --> 736
[4, 10, 12] --> 10
[4, 9, 13] --> 736
[5, 9, 12] --> 10
[5, 10, 11] --> 9
[1, 4, 8, 13] --> 9
[1, 5, 9, 11] --> 9
[1, 5, 7, 13] --> 9
[1, 5, 8, 12] --> 10
[1, 6, 7, 12] --> 10
[1, 6, 8, 11] --> 9
[2, 4, 9, 11] --> 9
[2, 4, 7, 13] --> 736
[2, 4, 8, 12] --> 10
[2, 5, 7, 12] --> 10
[3, 6, 8, 12] --> 10
[3, 6, 7, 13] --> 736
[3, 6, 9, 11] --> 736
[3, 5, 8, 13] --> 736
[3, 5, 10, 11] --> 736
[3, 5, 9, 12] --> 10
[3, 4, 10, 12] --> 10
[3, 4, 9, 13] --> 736
[2, 6, 8, 13] --> 736
[2, 6, 10, 11] --> 736
[2, 6, 9, 12] --> 10
[1, 8, 9, 11] --> 9
[1, 7, 10, 11] --> 9
[1, 7, 9, 12] --> 10
[6, 10, 13] --> 736
[8, 10, 11] --> 9
[8, 9, 12] --> 10
[7, 9, 13] --> 9
[7, 10, 12] --> 10
[1, 5, 10, 13] --> 9
[1, 6, 9, 13] --> 9
[1, 6, 10, 12] --> 10
[2, 7, 9, 11] --> 9
[2, 4, 10, 13] --> 736
[2, 5, 9, 13] --> 736
[2, 5, 10, 12] --> 10
[3, 6, 8, 11] --> 736
[3, 6, 7, 12] --> 10
[3, 5, 8, 12] --> 10
[3, 5, 7, 13] --> 736
[3, 5, 9, 11] --> 736
[3, 4, 8, 13] --> 736
[3, 4, 10, 11] --> 736
[3, 4, 9, 12] --> 10
[2, 6, 8, 12] --> 10
[2, 6, 7, 13] --> 736
[2, 6, 9, 11] --> 736
[2, 5, 8, 13] --> 736
[1, 4, 10, 13] --> 9
[1, 7, 9, 11] --> 9
[6, 10, 12] --> 10
[6, 9, 13] --> 736
[8, 9, 11] --> 9
[7, 9, 12] --> 10
[7, 10, 11] --> 589
[5, 10, 13] --> 736
[1, 5, 9, 13] --> 9
[1, 5, 10, 12] --> 10
[1, 6, 9, 12] --> 10
[1, 6, 10, 11] --> 9
[1, 6, 8, 13] --> 9
[2, 4, 9, 13] --> 736
[2, 4, 10, 12] --> 10
[2, 5, 9, 12] --> 10
[2, 5, 10, 11] --> 736
[2, 8, 10, 11] --> 9
[2, 8, 9, 12] --> 10
[2, 7, 10, 12] --> 10
[2, 7, 9, 13] --> 736
[4, 7, 9, 11] --> 9
[8, 10, 13] --> 736
[1, 7, 10, 13] --> 9
[1, 8, 9, 13] --> 9
[1, 8, 10, 12] --> 10
[2, 6, 10, 13] --> 736
[3, 7, 9, 12] --> 10
[3, 7, 10, 11] --> 9
[3, 8, 9, 11] --> 9
[3, 5, 10, 13] --> 736
[3, 6, 10, 12] --> 10
[3, 6, 9, 13] --> 736
[2, 5, 10, 13] --> 736
[2, 8, 9, 11] --> 9
[2, 7, 10, 11] --> 589
[2, 7, 9, 12] --> 10
[1, 6, 10, 13] --> 9
[7, 10, 13] --> 122
[8, 9, 13] --> 9
[8, 10, 12] --> 10
[1, 7, 9, 13] --> 9
[1, 7, 10, 12] --> 10
[1, 8, 9, 12] --> 10
[1, 8, 10, 11] --> 9
[2, 6, 9, 13] --> 736
[2, 6, 10, 12] --> 10
[3, 7, 9, 11] --> 9
[3, 4, 10, 13] --> 736
[3, 5, 9, 13] --> 736
[3, 5, 10, 12] --> 10
[3, 6, 9, 12] --> 10
[3, 6, 10, 11] --> 736
[3, 6, 8, 13] --> 736
[2, 5, 7, 9, 11] --> 9
[2, 4, 8, 9, 11] --> 736
[2, 4, 7, 10, 11] --> 736
[2, 4, 7, 9, 12] --> 10
[1, 6, 7, 9, 11] --> 9
[1, 5, 8, 9, 11] --> 9
[1, 5, 7, 10, 11] --> 9
[1, 5, 7, 9, 12] --> 10
[1, 4, 8, 10, 11] --> 9
[1, 4, 8, 9, 12] --> 10
[1, 4, 7, 10, 12] --> 10
[1, 4, 7, 9, 13] --> 9
[5, 7, 10, 12] --> 10
[5, 7, 9, 13] --> 9
[4, 8, 10, 12] --> 10
[4, 8, 9, 13] --> 736
[4, 7, 10, 13] --> 736
[5, 8, 9, 12] --> 10
[5, 8, 10, 11] --> 9
[6, 7, 9, 12] --> 10
[6, 7, 10, 11] --> 589
[6, 8, 9, 11] --> 9
[3, 8, 10, 13] --> 736
[3, 4, 7, 9, 11] --> 736
[2, 5, 7, 10, 11] --> 736
[2, 5, 7, 9, 12] --> 10
[2, 4, 8, 10, 11] --> 736
[2, 4, 8, 9, 12] --> 10
[2, 4, 7, 10, 12] --> 10
[2, 4, 7, 9, 13] --> 736
[1, 6, 8, 9, 11] --> 9
[1, 6, 7, 10, 11] --> 9
[1, 6, 7, 9, 12] --> 10
[1, 5, 8, 10, 11] --> 9
[1, 5, 8, 9, 12] --> 10
[1, 5, 7, 10, 12] --> 10
[1, 5, 7, 9, 13] --> 9
[1, 4, 8, 10, 12] --> 10
[1, 4, 8, 9, 13] --> 9
[1, 4, 7, 10, 13] --> 9
[5, 7, 10, 13] --> 736
[4, 8, 10, 13] --> 736
[5, 8, 9, 13] --> 736
[5, 8, 10, 12] --> 10
[6, 7, 9, 13] --> 589
[6, 7, 10, 12] --> 10
[6, 8, 9, 12] --> 10
[6, 8, 10, 11] --> 589
[2, 5, 8, 9, 11] --> 736
[2, 6, 7, 9, 11] --> 589
[3, 4, 7, 9, 12] --> 736
[3, 4, 7, 10, 11] --> 736
[3, 4, 8, 9, 11] --> 736
[3, 5, 7, 9, 11] --> 736
[2, 8, 10, 12] --> 10
[2, 8, 9, 13] --> 736
[2, 7, 10, 13] --> 736
[1, 4, 7, 9, 11] --> 9
[5, 7, 9, 11] --> 9
[4, 8, 9, 11] --> 9
[4, 7, 10, 11] --> 9
[4, 7, 9, 12] --> 10
[1, 8, 10, 13] --> 9
[3, 7, 9, 13] --> 736
[3, 7, 10, 12] --> 10
[3, 8, 9, 12] --> 10
[3, 8, 10, 11] --> 736
[3, 6, 10, 13] --> 736
[2, 4, 7, 9, 11] --> 9
[2, 8, 10, 13] --> 736
[1, 5, 7, 9, 11] --> 9
[1, 4, 8, 9, 11] --> 9
[1, 4, 7, 10, 11] --> 9
[1, 4, 7, 9, 12] --> 10
[5, 7, 10, 11] --> 589
[5, 7, 9, 12] --> 10
[4, 8, 10, 11] --> 9
[4, 8, 9, 12] --> 10
[4, 7, 10, 12] --> 10
[4, 7, 9, 13] --> 9
[5, 8, 9, 11] --> 9
[6, 7, 9, 11] --> 589
[3, 7, 10, 13] --> 736
[3, 8, 9, 13] --> 736
[3, 8, 10, 12] --> 10
[1, 6, 8, 10, 13] --> 9
[2, 5, 8, 10, 13] --> 736
[2, 6, 7, 10, 13] --> 736
[2, 6, 8, 9, 13] --> 736
[2, 6, 8, 10, 12] --> 10
[3, 4, 8, 10, 13] --> 736
[3, 5, 7, 10, 13] --> 736
[3, 5, 8, 9, 13] --> 736
[3, 5, 8, 10, 12] --> 10
[3, 6, 7, 9, 13] --> 736
[3, 6, 7, 10, 12] --> 10
[3, 6, 8, 9, 12] --> 10
[3, 6, 8, 10, 11] --> 736
[2, 6, 8, 10, 13] --> 736
[3, 5, 8, 10, 13] --> 736
[3, 6, 7, 10, 13] --> 736
[3, 6, 8, 9, 13] --> 736
[3, 6, 8, 10, 12] --> 10
[2, 5, 7, 10, 12] --> 10
[2, 5, 7, 9, 13] --> 736
[2, 4, 8, 10, 12] --> 10
[2, 4, 8, 9, 13] --> 736
[2, 4, 7, 10, 13] --> 736
[1, 6, 8, 10, 11] --> 9
[1, 6, 8, 9, 12] --> 10
[1, 6, 7, 10, 12] --> 10
[1, 6, 7, 9, 13] --> 9
[1, 5, 8, 10, 12] --> 10
[1, 5, 8, 9, 13] --> 9
[1, 5, 7, 10, 13] --> 9
[1, 4, 8, 10, 13] --> 9
[5, 8, 10, 13] --> 736
[6, 7, 10, 13] --> 589
[6, 8, 9, 13] --> 736
[6, 8, 10, 12] --> 10
[2, 5, 8, 9, 12] --> 10
[2, 5, 8, 10, 11] --> 736
[2, 6, 7, 9, 12] --> 10
[2, 6, 7, 10, 11] --> 589
[2, 6, 8, 9, 11] --> 736
[3, 4, 7, 9, 13] --> 736
[3, 4, 7, 10, 12] --> 10
[3, 4, 8, 9, 12] --> 10
[3, 4, 8, 10, 11] --> 736
[3, 5, 7, 9, 12] --> 10
[3, 5, 7, 10, 11] --> 736
[3, 5, 8, 9, 11] --> 736
[3, 6, 7, 9, 11] --> 736
[2, 5, 7, 10, 13] --> 736
[2, 4, 8, 10, 13] --> 736
[1, 6, 8, 10, 12] --> 10
[1, 6, 8, 9, 13] --> 9
[1, 6, 7, 10, 13] --> 9
[1, 5, 8, 10, 13] --> 9
[6, 8, 10, 13] --> 736
[2, 5, 8, 9, 13] --> 736
[2, 5, 8, 10, 12] --> 10
[2, 6, 7, 9, 13] --> 736
[2, 6, 7, 10, 12] --> 10
[2, 6, 8, 9, 12] --> 10
[2, 6, 8, 10, 11] --> 736
[3, 4, 7, 10, 13] --> 736
[3, 4, 8, 9, 13] --> 736
[3, 4, 8, 10, 12] --> 10
[3, 5, 7, 9, 13] --> 736
[3, 5, 7, 10, 12] --> 10
[3, 5, 8, 9, 12] --> 10
[3, 5, 8, 10, 11] --> 736
[3, 6, 7, 9, 12] --> 10
[3, 6, 7, 10, 11] --> 736
[3, 6, 8, 9, 11] --> 736
[3, 6, 8, 10, 13] --> 736
