[] --> 1
[1] --> 11
[2] --> 4
[3] --> 4
[4] --> 4
[5] --> 4
[1, 4] --> 4
[2, 4] --> 4
[1, 5] --> 4
[6] --> 4
[7] --> 4
[3, 4] --> 4
[1, 6] --> 4
[2, 5] --> 4
[3, 5] --> 4
[2, 6] --> 4
[1, 7] --> 4
[8] --> 4
[3, 6] --> 4
[1, 8] --> 4
[9] --> 4
[2, 7] --> 4
[2, 8] --> 4
[10] --> 4
[3, 7] --> 4
[1, 9] --> 4
[2, 9] --> 4
[4, 7] --> 4
[11] --> 3
[1, 10] --> 4
[3, 8] --> 4
[2, 10] --> 4
[1, 4, 7] --> 4
[5, 7] --> 4
[4, 8] --> 4
[12] --> 256
[1, 11] --> 1
[3, 9] --> 4
[2, 4, 7] --> 4
[2, 11] --> 1
[1, 5, 7] --> 4
[1, 4, 8] --> 4
[13] --> 4
[4, 9] --> 4
[5, 8] --> 4
[6, 7] --> 4
[1, 12] --> 4
[3, 10] --> 4
[3, 4, 7] --> 4
[3, 11] --> 4
[1, 4, 9] --> 4
[1, 13] --> 4
[6, 8] --> 4
[4, 10] --> 4
[5, 9] --> 4
[1, 5, 8] --> 4
[1, 6, 7] --> 4
[2, 12] --> 4
[2, 4, 8] --> 4
[2, 5, 7] --> 4
[3, 5, 7] --> 4
[3, 4, 8] --> 4
[3, 12] --> 4
[2, 6, 7] --> 4
[2, 5, 8] --> 4
[1, 4, 10] --> 4
[6, 9] --> 4
[4, 11] --> 4
[5, 10] --> 4
[1, 5, 9] --> 4
[1, 6, 8] --> 4
[2, 13] --> 4
[2, 4, 9] --> 4
[3, 6, 8] --> 4
[3, 5, 9] --> 4
[3, 4, 10] --> 4
[2, 6, 9] --> 4
[1, 4, 12] --> 4
[1, 7, 9] --> 4
[6, 11] --> 1
[4, 13] --> 4
[8, 9] --> 4
[7, 10] --> 4
[5, 12] --> 4
[1, 5, 11] --> 4
[1, 6, 10] --> 4
[2, 4, 11] --> 4
[2, 5, 10] --> 4
[2, 5, 9] --> 4
[2, 4, 10] --> 4
[1, 6, 9] --> 4
[1, 5, 10] --> 4
[5, 11] --> 1
[7, 9] --> 4
[3, 6, 7] --> 4
[3, 5, 8] --> 4
[3, 4, 9] --> 4
[3, 13] --> 4
[2, 6, 8] --> 4
[1, 4, 11] --> 4
[6, 10] --> 4
[4, 12] --> 4
[2, 5, 12] --> 4
[2, 4, 13] --> 4
[2, 8, 9] --> 4
[2, 7, 10] --> 4
[1, 6, 12] --> 4
[1, 5, 13] --> 4
[7, 12] --> 4
[8, 11] --> 1
[6, 13] --> 4
[1, 7, 11] --> 4
[1, 8, 10] --> 4
[2, 6, 11] --> 4
[3, 7, 9] --> 4
[3, 4, 12] --> 4
[3, 5, 11] --> 4
[3, 6, 10] --> 4
[2, 5, 11] --> 4
[2, 4, 12] --> 4
[2, 7, 9] --> 4
[1, 6, 11] --> 4
[1, 5, 12] --> 4
[5, 13] --> 4
[7, 11] --> 1
[8, 10] --> 4
[6, 12] --> 4
[1, 7, 10] --> 4
[1, 8, 9] --> 4
[1, 4, 13] --> 4
[2, 6, 10] --> 4
[3, 4, 11] --> 4
[3, 5, 10] --> 4
[3, 6, 9] --> 4
[2, 8, 11] --> 4
[2, 7, 12] --> 4
[1, 4, 7, 9] --> 4
[5, 7, 9] --> 4
[4, 8, 9] --> 4
[4, 7, 10] --> 4
[9, 12] --> 1
[10, 11] --> 1
[8, 13] --> 4
[1, 9, 11] --> 1
[1, 7, 13] --> 4
[1, 8, 12] --> 4
[2, 6, 13] --> 4
[3, 7, 11] --> 4
[3, 8, 10] --> 4
[3, 5, 13] --> 4
[3, 6, 12] --> 4
[2, 5, 13] --> 4
[2, 8, 10] --> 4
[2, 7, 11] --> 4
[1, 6, 13] --> 4
[4, 7, 9] --> 4
[7, 13] --> 4
[9, 11] --> 1
[8, 12] --> 256
[1, 7, 12] --> 4
[1, 8, 11] --> 4
[2, 6, 12] --> 4
[3, 7, 10] --> 4
[3, 8, 9] --> 4
[3, 4, 13] --> 4
[3, 5, 12] --> 4
[3, 6, 11] --> 4
[2, 5, 7, 9] --> 4
[2, 4, 8, 9] --> 4
[2, 4, 7, 10] --> 4
[2, 8, 13] --> 4
[2, 10, 11] --> 4
[2, 9, 12] --> 4
[1, 6, 7, 9] --> 4
[1, 5, 8, 9] --> 4
[1, 5, 7, 10] --> 4
[1, 4, 8, 10] --> 4
[1, 4, 7, 11] --> 4
[5, 7, 11] --> 4
[4, 8, 11] --> 4
[4, 7, 12] --> 4
[10, 13] --> 4
[5, 8, 10] --> 4
[6, 7, 10] --> 4
[6, 8, 9] --> 4
[1, 9, 13] --> 4
[1, 10, 12] --> 4
[3, 9, 11] --> 4
[3, 7, 13] --> 4
[3, 8, 12] --> 4
[3, 4, 7, 9] --> 4
[3, 6, 13] --> 4
[3, 8, 11] --> 4
[3, 7, 12] --> 4
[1, 8, 13] --> 4
[1, 10, 11] --> 4
[1, 9, 12] --> 4
[6, 7, 9] --> 4
[5, 8, 9] --> 4
[10, 12] --> 4
[9, 13] --> 4
[4, 7, 11] --> 4
[4, 8, 10] --> 4
[5, 7, 10] --> 4
[1, 4, 7, 10] --> 4
[1, 4, 8, 9] --> 4
[1, 5, 7, 9] --> 4
[2, 9, 11] --> 1
[2, 7, 13] --> 4
[2, 8, 12] --> 4
[2, 4, 7, 9] --> 4
[3, 6, 7, 9] --> 4
[3, 5, 8, 9] --> 4
[3, 5, 7, 10] --> 4
[3, 4, 8, 10] --> 4
[3, 4, 7, 11] --> 4
[3, 10, 12] --> 4
[3, 9, 13] --> 4
[2, 6, 8, 9] --> 4
[2, 6, 7, 10] --> 4
[2, 5, 8, 10] --> 4
[1, 4, 9, 11] --> 4
[6, 8, 11] --> 4
[6, 7, 12] --> 4
[5, 8, 12] --> 4
[4, 10, 11] --> 4
[4, 9, 12] --> 4
[4, 8, 13] --> 4
[5, 9, 11] --> 1
[5, 7, 13] --> 4
[1, 4, 7, 13] --> 4
[1, 4, 8, 12] --> 4
[1, 5, 7, 12] --> 4
[1, 5, 8, 11] --> 4
[1, 6, 7, 11] --> 4
[1, 6, 8, 10] --> 4
[2, 10, 13] --> 4
[2, 4, 7, 12] --> 4
[2, 4, 8, 11] --> 4
[2, 5, 7, 11] --> 4
[3, 5, 7, 9] --> 4
[3, 4, 8, 9] --> 4
[3, 4, 7, 10] --> 4
[3, 8, 13] --> 4
[3, 10, 11] --> 4
[3, 9, 12] --> 4
[2, 6, 7, 9] --> 4
[2, 5, 8, 9] --> 4
[1, 10, 13] --> 4
[6, 8, 10] --> 4
[6, 7, 11] --> 4
[5, 8, 11] --> 4
[4, 9, 11] --> 4
[4, 7, 13] --> 4
[4, 8, 12] --> 4
[5, 7, 12] --> 4
[1, 4, 7, 12] --> 4
[1, 4, 8, 11] --> 4
[1, 5, 7, 11] --> 4
[1, 5, 8, 10] --> 4
[1, 6, 7, 10] --> 4
[1, 6, 8, 9] --> 4
[2, 9, 13] --> 4
[2, 10, 12] --> 4
[2, 4, 7, 11] --> 4
[2, 4, 8, 10] --> 4
[2, 5, 7, 10] --> 4
[3, 6, 8, 10] --> 4
[3, 6, 7, 11] --> 4
[3, 5, 8, 11] --> 4
[3, 5, 7, 12] --> 4
[3, 4, 8, 12] --> 4
[3, 4, 7, 13] --> 4
[3, 4, 9, 11] --> 4
[2, 6, 8, 11] --> 4
[2, 6, 7, 12] --> 4
[2, 5, 8, 12] --> 4
[1, 4, 10, 12] --> 4
[1, 4, 9, 13] --> 4
[6, 8, 13] --> 4
[6, 10, 11] --> 4
[6, 9, 12] --> 4
[4, 10, 13] --> 4
[7, 9, 11] --> 1
[5, 9, 13] --> 4
[5, 10, 12] --> 4
[1, 5, 9, 12] --> 4
[1, 5, 10, 11] --> 4
[1, 5, 8, 13] --> 4
[1, 6, 9, 11] --> 4
[1, 6, 7, 13] --> 4
[1, 6, 8, 12] --> 4
[2, 4, 9, 12] --> 4
[2, 4, 10, 11] --> 4
[2, 4, 8, 13] --> 4
[2, 5, 9, 11] --> 4
[2, 5, 7, 13] --> 4
[3, 6, 8, 9] --> 4
[3, 6, 7, 10] --> 4
[3, 5, 8, 10] --> 4
[3, 5, 7, 11] --> 4
[3, 4, 8, 11] --> 4
[3, 4, 7, 12] --> 4
[3, 10, 13] --> 4
[2, 6, 8, 10] --> 4
[2, 6, 7, 11] --> 4
[2, 5, 8, 11] --> 4
[1, 4, 10, 11] --> 4
[1, 4, 9, 12] --> 4
[6, 8, 12] --> 4
[6, 7, 13] --> 4
[6, 9, 11] --> 4
[5, 8, 13] --> 4
[4, 10, 12] --> 4
[4, 9, 13] --> 4
[5, 9, 12] --> 4
[5, 10, 11] --> 4
[1, 4, 8, 13] --> 4
[1, 5, 9, 11] --> 4
[1, 5, 7, 13] --> 4
[1, 5, 8, 12] --> 4
[1, 6, 7, 12] --> 4
[1, 6, 8, 11] --> 4
[2, 4, 9, 11] --> 4
[2, 4, 7, 13] --> 4
[2, 4, 8, 12] --> 4
[2, 5, 7, 12] --> 4
[3, 6, 8, 12] --> 4
[3, 6, 7, 13] --> 4
[3, 6, 9, 11] --> 4
[3, 5, 8, 13] --> 4
[3, 5, 10, 11] --> 4
[3, 5, 9, 12] --> 4
[3, 4, 10, 12] --> 4
[3, 4, 9, 13] --> 4
[2, 6, 8, 13] --> 4
[2, 6, 10, 11] --> 4
[2, 6, 9, 12] --> 4
[1, 8, 9, 11] --> 4
[1, 7, 10, 11] --> 4
[1, 7, 9, 12] --> 4
[6, 10, 13] --> 4
[8, 10, 11] --> 4
[8, 9, 12] --> 4
[7, 9, 13] --> 4
[7, 10, 12] --> 4
[1, 5, 10, 13] --> 4
[1, 6, 9, 13] --> 4
[1, 6, 10, 12] --> 4
[2, 7, 9, 11] --> 4
[2, 4, 10, 13] --> 4
[2, 5, 9, 13] --> 4
[2, 5, 10, 12] --> 4
[3, 6, 8, 11] --> 4
[3, 6, 7, 12] --> 4
[3, 5, 8, 12] --> 4
[3, 5, 7, 13] --> 4
[3, 5, 9, 11] --> 4
[3, 4, 8, 13] --> 4
[3, 4, 10, 11] --> 4
[3, 4, 9, 12] --> 4
[2, 6, 8, 12] --> 4
[2, 6, 7, 13] --> 4
[2, 6, 9, 11] --> 4
[2, 5, 8, 13] --> 4
[1, 4, 10, 13] --> 4
[1, 7, 9, 11] --> 4
[6, 10, 12] --> 4
[6, 9, 13] --> 4
[8, 9, 11] --> 1
[7, 9, 12] --> 4
[7, 10, 11] --> 4
[5, 10, 13] --> 4
[1, 5, 9, 13] --> 4
[1, 5, 10, 12] --> 4
[1, 6, 9, 12] --> 4
[1, 6, 10, 11] --> 4
[1, 6, 8, 13] --> 4
[2, 4, 9, 13] --> 4
[2, 4, 10, 12] --> 4
[2, 5, 9, 12] --> 4
[2, 5, 10, 11] --> 4
[2, 8, 10, 11] --> 4
[2, 8, 9, 12] --> 4
[2, 7, 10, 12] --> 4
[2, 7, 9, 13] --> 4
[4, 7, 9, 11] --> 4
[8, 10, 13] --> 4
[1, 7, 10, 13] --> 4
[1, 8, 9, 13] --> 4
[1, 8, 10, 12] --> 4
[2, 6, 10, 13] --> 4
[3, 7, 9, 12] --> 4
[3, 7, 10, 11] --> 4
[3, 8, 9, 11] --> 4
[3, 5, 10, 13] --> 4
[3, 6, 10, 12] --> 4
[3, 6, 9, 13] --> 4
[2, 5, 10, 13] --> 4
[2, 8, 9, 11] --> 4
[2, 7, 10, 11] --> 4
[2, 7, 9, 12] --> 4
[1, 6, 10, 13] --> 4
[7, 10, 13] --> 4
[8, 9, 13] --> 4
[8, 10, 12] --> 4
[1, 7, 9, 13] --> 4
[1, 7, 10, 12] --> 4
[1, 8, 9, 12] --> 4
[1, 8, 10, 11] --> 4
[2, 6, 9, 13] --> 4
[2, 6, 10, 12] --> 4
[3, 7, 9, 11] --> 4
[3, 4, 10, 13] --> 4
[3, 5, 9, 13] --> 4
[3, 5, 10, 12] --> 4
[3, 6, 9, 12] --> 4
[3, 6, 10, 11] --> 4
[3, 6, 8, 13] --> 4
[2, 5, 7, 9, 11] --> 4
[2, 4, 8, 9, 11] --> 4
[2, 4, 7, 10, 11] --> 4
[2, 4, 7, 9, 12] --> 4
[1, 6, 7, 9, 11] --> 4
[1, 5, 8, 9, 11] --> 4
[1, 5, 7, 10, 11] --> 4
[1, 5, 7, 9, 12] --> 4
[1, 4, 8, 10, 11] --> 4
[1, 4, 8, 9, 12] --> 4
[1, 4, 7, 10, 12] --> 4
[1, 4, 7, 9, 13] --> 4
[5, 7, 10, 12] --> 4
[5, 7, 9, 13] --> 4
[4, 8, 10, 12] --> 4
[4, 8, 9, 13] --> 4
[4, 7, 10, 13] --> 4
[5, 8, 9, 12] --> 4
[5, 8, 10, 11] --> 4
[6, 7, 9, 12] --> 4
[6, 7, 10, 11] --> 4
[6, 8, 9, 11] --> 4
[3, 8, 10, 13] --> 4
[3, 4, 7, 9, 11] --> 4
[2, 5, 7, 10, 11] --> 4
[2, 5, 7, 9, 12] --> 4
[2, 4, 8, 10, 11] --> 4
[2, 4, 8, 9, 12] --> 4
[2, 4, 7, 10, 12] --> 4
[2, 4, 7, 9, 13] --> 4
[1, 6, 8, 9, 11] --> 4
[1, 6, 7, 10, 11] --> 4
[1, 6, 7, 9, 12] --> 4
[1, 5, 8, 10, 11] --> 4
[1, 5, 8, 9, 12] --> 4
[1, 5, 7, 10, 12] --> 4
[1, 5, 7, 9, 13] --> 4
[1, 4, 8, 10, 12] --> 4
[1, 4, 8, 9, 13] --> 4
[1, 4, 7, 10, 13] --> 4
[5, 7, 10, 13] --> 4
[4, 8, 10, 13] --> 4
[5, 8, 9, 13] --> 4
[5, 8, 10, 12] --> 4
[6, 7, 9, 13] --> 4
[6, 7, 10, 12] --> 4
[6, 8, 9, 12] --> 4
[6, 8, 10, 11] --> 4
[2, 5, 8, 9, 11] --> 4
[2, 6, 7, 9, 11] --> 4
[3, 4, 7, 9, 12] --> 4
[3, 4, 7, 10, 11] --> 4
[3, 4, 8, 9, 11] --> 4
[3, 5, 7, 9, 11] --> 4
[2, 8, 10, 12] --> 4
[2, 8, 9, 13] --> 4
[2, 7, 10, 13] --> 4
[1, 4, 7, 9, 11] --> 4
[5, 7, 9, 11] --> 4
[4, 8, 9, 11] --> 4
[4, 7, 10, 11] --> 4
[4, 7, 9, 12] --> 4
[1, 8, 10, 13] --> 4
[3, 7, 9, 13] --> 4
[3, 7, 10, 12] --> 4
[3, 8, 9, 12] --> 4
[3, 8, 10, 11] --> 4
[3, 6, 10, 13] --> 4
[2, 4, 7, 9, 11] --> 4
[2, 8, 10, 13] --> 4
[1, 5, 7, 9, 11] --> 4
[1, 4, 8, 9, 11] --> 4
[1, 4, 7, 10, 11] --> 4
[1, 4, 7, 9, 12] --> 4
[5, 7, 10, 11] --> 4
[5, 7, 9, 12] --> 4
[4, 8, 10, 11] --> 4
[4, 8, 9, 12] --> 4
[4, 7, 10, 12] --> 4
[4, 7, 9, 13] --> 4
[5, 8, 9, 11] --> 4
[6, 7, 9, 11] --> 4
[3, 7, 10, 13] --> 4
[3, 8, 9, 13] --> 4
[3, 8, 10, 12] --> 4
[1, 6, 8, 10, 13] --> 4
[2, 5, 8, 10, 13] --> 4
[2, 6, 7, 10, 13] --> 4
[2, 6, 8, 9, 13] --> 4
[2, 6, 8, 10, 12] --> 4
[3, 4, 8, 10, 13] --> 4
[3, 5, 7, 10, 13] --> 4
[3, 5, 8, 9, 13] --> 4
[3, 5, 8, 10, 12] --> 4
[3, 6, 7, 9, 13] --> 4
[3, 6, 7, 10, 12] --> 4
[3, 6, 8, 9, 12] --> 4
[3, 6, 8, 10, 11] --> 4
[2, 6, 8, 10, 13] --> 4
[3, 5, 8, 10, 13] --> 4
[3, 6, 7, 10, 13] --> 4
[3, 6, 8, 9, 13] --> 4
[3, 6, 8, 10, 12] --> 4
[2, 5, 7, 10, 12] --> 4
[2, 5, 7, 9, 13] --> 4
[2, 4, 8, 10, 12] --> 4
[2, 4, 8, 9, 13] --> 4
[2, 4, 7, 10, 13] --> 4
[1, 6, 8, 10, 11] --> 4
[1, 6, 8, 9, 12] --> 4
[1, 6, 7, 10, 12] --> 4
[1, 6, 7, 9, 13] --> 4
[1, 5, 8, 10, 12] --> 4
[1, 5, 8, 9, 13] --> 4
[1, 5, 7, 10, 13] --> 4
[1, 4, 8, 10, 13] --> 4
[5, 8, 10, 13] --> 4
[6, 7, 10, 13] --> 4
[6, 8, 9, 13] --> 4
[6, 8, 10, 12] --> 4
[2, 5, 8, 9, 12] --> 4
[2, 5, 8, 10, 11] --> 4
[2, 6, 7, 9, 12] --> 4
[2, 6, 7, 10, 11] --> 4
[2, 6, 8, 9, 11] --> 4
[3, 4, 7, 9, 13] --> 4
[3, 4, 7, 10, 12] --> 4
[3, 4, 8, 9, 12] --> 4
[3, 4, 8, 10, 11] --> 4
[3, 5, 7, 9, 12] --> 4
[3, 5, 7, 10, 11] --> 4
[3, 5, 8, 9, 11] --> 4
[3, 6, 7, 9, 11] --> 4
[2, 5, 7, 10, 13] --> 4
[2, 4, 8, 10, 13] --> 4
[1, 6, 8, 10, 12] --> 4
[1, 6, 8, 9, 13] --> 4
[1, 6, 7, 10, 13] --> 4
[1, 5, 8, 10, 13] --> 4
[6, 8, 10, 13] --> 4
[2, 5, 8, 9, 13] --> 4
[2, 5, 8, 10, 12] --> 4
[2, 6, 7, 9, 13] --> 4
[2, 6, 7, 10, 12] --> 4
[2, 6, 8, 9, 12] --> 4
[2, 6, 8, 10, 11] --> 4
[3, 4, 7, 10, 13] --> 4
[3, 4, 8, 9, 13] --> 4
[3, 4, 8, 10, 12] --> 4
[3, 5, 7, 9, 13] --> 4
[3, 5, 7, 10, 12] --> 4
[3, 5, 8, 9, 12] --> 4
[3, 5, 8, 10, 11] --> 4
[3, 6, 7, 9, 12] --> 4
[3, 6, 7, 10, 11] --> 4
[3, 6, 8, 9, 11] --> 4
[3, 6, 8, 10, 13] --> 4
