[] --> [1, 3, 4, 23, 11, 28, 14]
[1] --> [1, 3, 4, 417, 383, 11, 29]
[2] --> [1, 3, 4, 417, 11, 29, 28]
[3] --> [1, 3, 4, 417, 11, 29, 28]
[4] --> [1, 3, 4, 96, 383, 11, 28]
[5] --> [35, 1, 3, 4, 96, 11, 28]
[1, 4] --> [1, 3, 4, 417, 383, 11, 29]
[2, 4] --> [1, 3, 4, 417, 11, 29, 28]
[1, 5] --> [1, 3, 4, 417, 383, 11, 29]
[6] --> [1, 3, 4, 96, 383, 11, 29]
[7] --> [1, 3, 4, 11, 481, 29, 28]
[3, 4] --> [1, 3, 4, 417, 11, 29, 28]
[1, 6] --> [1, 3, 4, 417, 383, 11, 29]
[2, 5] --> [1, 3, 4, 417, 11, 29, 28]
[3, 5] --> [1, 3, 4, 417, 11, 29, 28]
[2, 6] --> [1, 3, 4, 417, 11, 29, 28]
[1, 7] --> [1, 3, 4, 417, 383, 11, 29]
[8] --> [1, 3, 4, 547, 417, 11, 29]
[3, 6] --> [1, 3, 4, 417, 11, 29, 28]
[1, 8] --> [1, 3, 4, 417, 383, 11, 29]
[9] --> [35, 1, 3, 4, 11, 29, 28]
[2, 7] --> [1, 3, 4, 417, 11, 29, 28]
[2, 8] --> [1, 3, 4, 417, 11, 29, 28]
[10] --> [1, 3, 4, 96, 11, 29, 28]
[3, 7] --> [1, 3, 4, 417, 11, 29, 28]
[1, 9] --> [1, 3, 4, 417, 383, 11, 29]
[2, 9] --> [1, 3, 4, 417, 11, 29, 28]
[4, 7] --> [1, 3, 4, 383, 11, 29, 28]
[11] --> [1, 3, 4, 417, 11, 29, 28]
[1, 10] --> [1, 3, 4, 417, 383, 11, 29]
[3, 8] --> [1, 3, 4, 417, 11, 29, 28]
[2, 10] --> [1, 3, 4, 417, 11, 29, 28]
[1, 4, 7] --> [1, 3, 4, 417, 383, 11, 29]
[5, 7] --> [1, 3, 4, 96, 11, 29, 28]
[4, 8] --> [1, 3, 4, 383, 11, 29, 28]
[12] --> [1, 3, 4, 456, 417, 383, 11]
[1, 11] --> [1, 3, 4, 417, 383, 11, 29]
[3, 9] --> [1, 3, 4, 417, 11, 29, 28]
[2, 4, 7] --> [1, 3, 4, 417, 11, 29, 28]
[2, 11] --> [1, 3, 4, 417, 11, 29, 28]
[1, 5, 7] --> [1, 3, 4, 417, 383, 11, 29]
[1, 4, 8] --> [1, 3, 4, 417, 383, 11, 29]
[13] --> [1, 3, 4, 456, 417, 11, 29]
[4, 9] --> [1, 3, 4, 383, 11, 29, 28]
[5, 8] --> [1, 3, 4, 383, 11, 29, 28]
[6, 7] --> [1, 3, 4, 96, 11, 29, 28]
[1, 12] --> [1, 3, 4, 456, 417, 383, 11]
[3, 10] --> [1, 3, 4, 417, 11, 29, 28]
[3, 4, 7] --> [1, 3, 4, 417, 11, 29, 28]
[3, 11] --> [1, 3, 4, 417, 11, 29, 28]
[1, 4, 9] --> [1, 3, 4, 417, 383, 11, 29]
[1, 13] --> [1, 3, 4, 417, 383, 11, 29]
[6, 8] --> [1, 3, 4, 383, 11, 29, 28]
[4, 10] --> [1, 3, 4, 96, 11, 29, 28]
[5, 9] --> [1, 3, 4, 96, 11, 29, 28]
[1, 5, 8] --> [1, 3, 4, 417, 383, 11, 29]
[1, 6, 7] --> [1, 3, 4, 417, 383, 11, 29]
[2, 12] --> [1, 3, 4, 456, 417, 11, 29]
[2, 4, 8] --> [1, 3, 4, 417, 11, 29, 28]
[2, 5, 7] --> [1, 3, 4, 417, 11, 29, 28]
[3, 5, 7] --> [1, 3, 4, 417, 11, 29, 28]
[3, 4, 8] --> [1, 3, 4, 417, 11, 29, 28]
[3, 12] --> [1, 3, 4, 417, 11, 29, 28]
[2, 6, 7] --> [1, 3, 4, 417, 11, 29, 28]
[2, 5, 8] --> [1, 3, 4, 417, 11, 29, 28]
[1, 4, 10] --> [1, 3, 4, 417, 383, 11, 29]
[6, 9] --> [1, 3, 4, 96, 11, 29, 28]
[4, 11] --> [1, 3, 4, 417, 11, 29, 28]
[5, 10] --> [1, 3, 4, 96, 11, 29, 28]
[1, 5, 9] --> [1, 3, 4, 383, 11, 29, 28]
[1, 6, 8] --> [1, 3, 4, 417, 383, 11, 29]
[2, 13] --> [1, 3, 4, 417, 11, 29, 28]
[2, 4, 9] --> [1, 3, 4, 417, 11, 29, 28]
[3, 6, 8] --> [1, 3, 4, 417, 11, 29, 28]
[3, 5, 9] --> [1, 3, 4, 417, 11, 29, 28]
[3, 4, 10] --> [1, 3, 4, 383, 11, 29, 28]
[2, 6, 9] --> [1, 3, 4, 417, 11, 29, 28]
[1, 4, 12] --> [1, 3, 4, 417, 383, 11, 29]
[1, 7, 9] --> [1, 3, 4, 417, 11, 29, 28]
[6, 11] --> [1, 3, 4, 417, 11, 29, 28]
[4, 13] --> [1, 3, 4, 417, 383, 11, 29]
[8, 9] --> [1, 3, 4, 383, 11, 29, 28]
[7, 10] --> [1, 3, 4, 11, 481, 29, 28]
[5, 12] --> [1, 3, 4, 417, 383, 11, 29]
[1, 5, 11] --> [1, 3, 4, 417, 383, 11, 29]
[1, 6, 10] --> [1, 3, 4, 417, 383, 11, 29]
[2, 4, 11] --> [1, 3, 4, 417, 11, 29, 28]
[2, 5, 10] --> [1, 3, 4, 417, 11, 29, 28]
[2, 5, 9] --> [1, 3, 4, 417, 11, 29, 28]
[2, 4, 10] --> [1, 3, 4, 417, 11, 29, 28]
[1, 6, 9] --> [1, 3, 4, 417, 383, 11, 29]
[1, 5, 10] --> [1, 3, 4, 383, 11, 29, 28]
[5, 11] --> [1, 3, 4, 417, 11, 29, 28]
[7, 9] --> [1, 3, 4, 11, 481, 29, 28]
[3, 6, 7] --> [1, 3, 4, 417, 11, 29, 28]
[3, 5, 8] --> [1, 3, 4, 417, 11, 29, 28]
[3, 4, 9] --> [1, 3, 4, 417, 11, 29, 28]
[3, 13] --> [1, 3, 4, 417, 11, 29, 28]
[2, 6, 8] --> [1, 3, 4, 417, 11, 29, 28]
[1, 4, 11] --> [1, 3, 4, 417, 383, 11, 29]
[6, 10] --> [1, 3, 4, 96, 11, 29, 28]
[4, 12] --> [1, 3, 4, 417, 383, 11, 29]
[2, 5, 12] --> [1, 3, 4, 417, 383, 11, 29]
[2, 4, 13] --> [1, 3, 4, 417, 11, 29, 28]
[2, 8, 9] --> [1, 3, 4, 417, 11, 29, 28]
[2, 7, 10] --> [1, 3, 4, 417, 11, 29, 28]
[1, 6, 12] --> [1, 3, 4, 417, 383, 11, 29]
[1, 5, 13] --> [1, 3, 4, 417, 383, 11, 29]
[7, 12] --> [1, 3, 4, 456, 417, 11, 29]
[8, 11] --> [1, 3, 4, 417, 11, 29, 28]
[6, 13] --> [1, 3, 4, 417, 383, 11, 29]
[1, 7, 11] --> [1, 3, 4, 417, 11, 29, 28]
[1, 8, 10] --> [1, 3, 4, 417, 383, 11, 29]
[2, 6, 11] --> [1, 3, 4, 417, 11, 29, 28]
[3, 7, 9] --> [1, 3, 4, 417, 11, 29, 28]
[3, 4, 12] --> [1, 3, 4, 417, 11, 29, 28]
[3, 5, 11] --> [1, 3, 4, 417, 11, 29, 28]
[3, 6, 10] --> [1, 3, 4, 417, 11, 29, 28]
[2, 5, 11] --> [1, 3, 4, 417, 11, 29, 28]
[2, 4, 12] --> [1, 3, 4, 417, 383, 11, 29]
[2, 7, 9] --> [1, 3, 4, 417, 11, 29, 28]
[1, 6, 11] --> [1, 3, 4, 417, 383, 11, 29]
[1, 5, 12] --> [1, 3, 4, 417, 383, 11, 29]
[5, 13] --> [1, 3, 4, 417, 11, 29, 28]
[7, 11] --> [1, 3, 4, 417, 11, 29, 28]
[8, 10] --> [1, 3, 4, 383, 11, 29, 28]
[6, 12] --> [1, 3, 4, 417, 383, 11, 29]
[1, 7, 10] --> [1, 3, 4, 417, 383, 11, 29]
[1, 8, 9] --> [1, 3, 4, 417, 383, 11, 29]
[1, 4, 13] --> [1, 3, 4, 417, 383, 11, 29]
[2, 6, 10] --> [1, 3, 4, 417, 11, 29, 28]
[3, 4, 11] --> [1, 3, 4, 417, 11, 29, 28]
[3, 5, 10] --> [1, 3, 4, 383, 11, 29, 28]
[3, 6, 9] --> [1, 3, 4, 417, 11, 29, 28]
[2, 8, 11] --> [1, 3, 4, 417, 11, 29, 28]
[2, 7, 12] --> [1, 3, 4, 456, 417, 11, 29]
[1, 4, 7, 9] --> [1, 3, 4, 383, 11, 29, 28]
[5, 7, 9] --> [1, 3, 4, 96, 11, 29, 28]
[4, 8, 9] --> [1, 3, 4, 383, 11, 29, 28]
[4, 7, 10] --> [1, 3, 4, 96, 11, 29, 28]
[9, 12] --> [1, 3, 4, 417, 383, 11, 29]
[10, 11] --> [1, 3, 4, 383, 11, 29, 28]
[8, 13] --> [1, 3, 4, 417, 383, 11, 29]
[1, 9, 11] --> [1, 3, 4, 417, 11, 29, 28]
[1, 7, 13] --> [1, 3, 4, 417, 383, 11, 29]
[1, 8, 12] --> [1, 3, 4, 417, 383, 11, 29]
[2, 6, 13] --> [1, 3, 4, 417, 11, 29, 28]
[3, 7, 11] --> [1, 3, 4, 417, 11, 29, 28]
[3, 8, 10] --> [1, 3, 4, 417, 11, 29, 28]
[3, 5, 13] --> [1, 3, 4, 417, 11, 29, 28]
[3, 6, 12] --> [1, 3, 4, 417, 11, 29, 28]
[2, 5, 13] --> [1, 3, 4, 417, 11, 29, 28]
[2, 8, 10] --> [1, 3, 4, 417, 11, 29, 28]
[2, 7, 11] --> [1, 3, 4, 417, 11, 29, 28]
[1, 6, 13] --> [1, 3, 4, 417, 383, 11, 29]
[4, 7, 9] --> [1, 3, 4, 383, 11, 29, 28]
[7, 13] --> [1, 3, 4, 417, 11, 29, 28]
[9, 11] --> [1, 3, 4, 417, 11, 29, 28]
[8, 12] --> [1, 3, 4, 456, 417, 11, 29]
[1, 7, 12] --> [1, 3, 4, 417, 383, 11, 29]
[1, 8, 11] --> [1, 3, 4, 417, 383, 11, 29]
[2, 6, 12] --> [1, 3, 4, 417, 383, 11, 29]
[3, 7, 10] --> [1, 3, 4, 417, 11, 29, 28]
[3, 8, 9] --> [1, 3, 4, 417, 11, 29, 28]
[3, 4, 13] --> [1, 3, 4, 417, 11, 29, 28]
[3, 5, 12] --> [1, 3, 4, 417, 11, 29, 28]
[3, 6, 11] --> [1, 3, 4, 417, 11, 29, 28]
[2, 5, 7, 9] --> [1, 3, 4, 417, 11, 29, 28]
[2, 4, 8, 9] --> [1, 3, 4, 417, 11, 29, 28]
[2, 4, 7, 10] --> [1, 3, 4, 417, 11, 29, 28]
[2, 8, 13] --> [1, 3, 4, 417, 11, 29, 28]
[2, 10, 11] --> [1, 3, 4, 417, 11, 29, 28]
[2, 9, 12] --> [1, 3, 4, 417, 11, 29, 28]
[1, 6, 7, 9] --> [1, 3, 4, 383, 11, 29, 28]
[1, 5, 8, 9] --> [1, 3, 4, 417, 383, 11, 29]
[1, 5, 7, 10] --> [1, 3, 4, 383, 11, 29, 28]
[1, 4, 8, 10] --> [1, 3, 4, 417, 383, 11, 29]
[1, 4, 7, 11] --> [1, 3, 4, 417, 11, 29, 28]
[5, 7, 11] --> [1, 3, 4, 417, 11, 29, 28]
[4, 8, 11] --> [1, 3, 4, 417, 11, 29, 28]
[4, 7, 12] --> [1, 3, 4, 417, 383, 11, 29]
[10, 13] --> [1, 3, 4, 383, 11, 29, 28]
[5, 8, 10] --> [1, 3, 4, 383, 11, 29, 28]
[6, 7, 10] --> [1, 3, 4, 96, 11, 29, 28]
[6, 8, 9] --> [1, 3, 4, 383, 11, 29, 28]
[1, 9, 13] --> [1, 3, 4, 417, 383, 11, 29]
[1, 10, 12] --> [1, 3, 4, 417, 383, 11, 29]
[3, 9, 11] --> [1, 3, 4, 417, 11, 29, 28]
[3, 7, 13] --> [1, 3, 4, 417, 11, 29, 28]
[3, 8, 12] --> [1, 3, 4, 417, 11, 29, 28]
[3, 4, 7, 9] --> [1, 3, 4, 417, 11, 29, 28]
[3, 6, 13] --> [1, 3, 4, 417, 11, 29, 28]
[3, 8, 11] --> [1, 3, 4, 417, 11, 29, 28]
[3, 7, 12] --> [1, 3, 4, 417, 11, 29, 28]
[1, 8, 13] --> [1, 3, 4, 417, 383, 11, 29]
[1, 10, 11] --> [1, 3, 4, 417, 383, 11, 29]
[1, 9, 12] --> [1, 3, 4, 417, 383, 11, 29]
[6, 7, 9] --> [1, 3, 4, 96, 11, 29, 28]
[5, 8, 9] --> [1, 3, 4, 383, 11, 29, 28]
[10, 12] --> [1, 3, 4, 417, 383, 11, 29]
[9, 13] --> [1, 3, 4, 417, 11, 29, 28]
[4, 7, 11] --> [1, 3, 4, 417, 11, 29, 28]
[4, 8, 10] --> [1, 3, 4, 383, 11, 29, 28]
[5, 7, 10] --> [1, 3, 4, 96, 11, 29, 28]
[1, 4, 7, 10] --> [1, 3, 4, 383, 11, 29, 28]
[1, 4, 8, 9] --> [1, 3, 4, 417, 383, 11, 29]
[1, 5, 7, 9] --> [1, 3, 4, 383, 11, 29, 28]
[2, 9, 11] --> [1, 3, 4, 417, 11, 29, 28]
[2, 7, 13] --> [1, 3, 4, 417, 11, 29, 28]
[2, 8, 12] --> [1, 3, 4, 456, 417, 11, 29]
[2, 4, 7, 9] --> [1, 3, 4, 417, 11, 29, 28]
[3, 6, 7, 9] --> [1, 3, 4, 417, 11, 29, 28]
[3, 5, 8, 9] --> [1, 3, 4, 417, 11, 29, 28]
[3, 5, 7, 10] --> [1, 3, 4, 11, 481, 29, 28]
[3, 4, 8, 10] --> [1, 3, 4, 417, 11, 29, 28]
[3, 4, 7, 11] --> [1, 3, 4, 417, 11, 29, 28]
[3, 10, 12] --> [1, 3, 4, 417, 11, 29, 28]
[3, 9, 13] --> [1, 3, 4, 417, 11, 29, 28]
[2, 6, 8, 9] --> [1, 3, 4, 417, 11, 29, 28]
[2, 6, 7, 10] --> [1, 3, 4, 417, 11, 29, 28]
[2, 5, 8, 10] --> [1, 3, 4, 417, 11, 29, 28]
[1, 4, 9, 11] --> [1, 3, 4, 417, 11, 29, 28]
[6, 8, 11] --> [1, 3, 4, 417, 11, 29, 28]
[6, 7, 12] --> [1, 3, 4, 417, 383, 11, 29]
[5, 8, 12] --> [1, 3, 4, 417, 383, 11, 29]
[4, 10, 11] --> [1, 3, 4, 383, 11, 29, 28]
[4, 9, 12] --> [1, 3, 4, 383, 11, 29, 28]
[4, 8, 13] --> [1, 3, 4, 417, 383, 11, 29]
[5, 9, 11] --> [1, 3, 4, 383, 11, 29, 28]
[5, 7, 13] --> [1, 3, 4, 417, 11, 29, 28]
[1, 4, 7, 13] --> [1, 3, 4, 417, 383, 11, 29]
[1, 4, 8, 12] --> [1, 3, 4, 417, 383, 11, 29]
[1, 5, 7, 12] --> [1, 3, 4, 417, 383, 11, 29]
[1, 5, 8, 11] --> [1, 3, 4, 417, 383, 11, 29]
[1, 6, 7, 11] --> [1, 3, 4, 417, 11, 29, 28]
[1, 6, 8, 10] --> [1, 3, 4, 417, 383, 11, 29]
[2, 10, 13] --> [1, 3, 4, 417, 11, 29, 28]
[2, 4, 7, 12] --> [1, 3, 4, 417, 11, 29, 28]
[2, 4, 8, 11] --> [1, 3, 4, 417, 11, 29, 28]
[2, 5, 7, 11] --> [1, 3, 4, 417, 11, 29, 28]
[3, 5, 7, 9] --> [1, 3, 4, 417, 11, 29, 28]
[3, 4, 8, 9] --> [1, 3, 4, 417, 11, 29, 28]
[3, 4, 7, 10] --> [1, 3, 4, 11, 481, 29, 28]
[3, 8, 13] --> [1, 3, 4, 417, 11, 29, 28]
[3, 10, 11] --> [1, 3, 4, 417, 11, 29, 28]
[3, 9, 12] --> [1, 3, 4, 417, 11, 29, 28]
[2, 6, 7, 9] --> [1, 3, 4, 417, 11, 29, 28]
[2, 5, 8, 9] --> [1, 3, 4, 417, 11, 29, 28]
[1, 10, 13] --> [1, 3, 4, 417, 383, 11, 29]
[6, 8, 10] --> [1, 3, 4, 383, 11, 29, 28]
[6, 7, 11] --> [1, 3, 4, 417, 11, 29, 28]
[5, 8, 11] --> [1, 3, 4, 417, 11, 29, 28]
[4, 9, 11] --> [1, 3, 4, 383, 11, 29, 28]
[4, 7, 13] --> [1, 3, 4, 417, 11, 29, 28]
[4, 8, 12] --> [1, 3, 4, 417, 383, 11, 29]
[5, 7, 12] --> [1, 3, 4, 417, 11, 29, 28]
[1, 4, 7, 12] --> [1, 3, 4, 417, 383, 11, 29]
[1, 4, 8, 11] --> [1, 3, 4, 417, 383, 11, 29]
[1, 5, 7, 11] --> [1, 3, 4, 417, 11, 29, 28]
[1, 5, 8, 10] --> [1, 3, 4, 417, 383, 11, 29]
[1, 6, 7, 10] --> [1, 3, 4, 383, 11, 29, 28]
[1, 6, 8, 9] --> [1, 3, 4, 417, 383, 11, 29]
[2, 9, 13] --> [1, 3, 4, 417, 11, 29, 28]
[2, 10, 12] --> [1, 3, 4, 417, 383, 11, 29]
[2, 4, 7, 11] --> [1, 3, 4, 417, 11, 29, 28]
[2, 4, 8, 10] --> [1, 3, 4, 417, 11, 29, 28]
[2, 5, 7, 10] --> [1, 3, 4, 417, 11, 29, 28]
[3, 6, 8, 10] --> [1, 3, 4, 417, 11, 29, 28]
[3, 6, 7, 11] --> [1, 3, 4, 417, 11, 29, 28]
[3, 5, 8, 11] --> [1, 3, 4, 417, 11, 29, 28]
[3, 5, 7, 12] --> [1, 3, 4, 417, 11, 29, 28]
[3, 4, 8, 12] --> [1, 3, 4, 417, 11, 29, 28]
[3, 4, 7, 13] --> [1, 3, 4, 417, 11, 29, 28]
[3, 4, 9, 11] --> [1, 3, 4, 417, 11, 29, 28]
[2, 6, 8, 11] --> [1, 3, 4, 417, 11, 29, 28]
[2, 6, 7, 12] --> [1, 3, 4, 417, 11, 29, 28]
[2, 5, 8, 12] --> [1, 3, 4, 417, 383, 11, 29]
[1, 4, 10, 12] --> [1, 3, 4, 417, 383, 11, 29]
[1, 4, 9, 13] --> [1, 3, 4, 417, 383, 11, 29]
[6, 8, 13] --> [1, 3, 4, 417, 383, 11, 29]
[6, 10, 11] --> [1, 3, 4, 383, 11, 29, 28]
[6, 9, 12] --> [1, 3, 4, 383, 11, 29, 28]
[4, 10, 13] --> [1, 3, 4, 383, 11, 29, 28]
[7, 9, 11] --> [1, 3, 4, 417, 11, 29, 28]
[5, 9, 13] --> [35, 1, 3, 4, 11, 29, 28]
[5, 10, 12] --> [1, 3, 4, 383, 11, 29, 28]
[1, 5, 9, 12] --> [1, 3, 4, 417, 383, 11, 29]
[1, 5, 10, 11] --> [1, 3, 4, 417, 383, 11, 29]
[1, 5, 8, 13] --> [1, 3, 4, 417, 383, 11, 29]
[1, 6, 9, 11] --> [1, 3, 4, 417, 11, 29, 28]
[1, 6, 7, 13] --> [1, 3, 4, 417, 383, 11, 29]
[1, 6, 8, 12] --> [1, 3, 4, 417, 383, 11, 29]
[2, 4, 9, 12] --> [1, 3, 4, 417, 11, 29, 28]
[2, 4, 10, 11] --> [1, 3, 4, 417, 11, 29, 28]
[2, 4, 8, 13] --> [1, 3, 4, 417, 11, 29, 28]
[2, 5, 9, 11] --> [1, 3, 4, 417, 11, 29, 28]
[2, 5, 7, 13] --> [1, 3, 4, 417, 11, 29, 28]
[3, 6, 8, 9] --> [1, 3, 4, 417, 11, 29, 28]
[3, 6, 7, 10] --> [1, 3, 4, 417, 11, 29, 28]
[3, 5, 8, 10] --> [1, 3, 4, 417, 11, 29, 28]
[3, 5, 7, 11] --> [1, 3, 4, 417, 11, 29, 28]
[3, 4, 8, 11] --> [1, 3, 4, 417, 11, 29, 28]
[3, 4, 7, 12] --> [1, 3, 4, 417, 11, 29, 28]
[3, 10, 13] --> [1, 3, 4, 417, 11, 29, 28]
[2, 6, 8, 10] --> [1, 3, 4, 417, 11, 29, 28]
[2, 6, 7, 11] --> [1, 3, 4, 417, 11, 29, 28]
[2, 5, 8, 11] --> [1, 3, 4, 417, 11, 29, 28]
[1, 4, 10, 11] --> [1, 3, 4, 417, 383, 11, 29]
[1, 4, 9, 12] --> [1, 3, 4, 417, 383, 11, 29]
[6, 8, 12] --> [1, 3, 4, 417, 383, 11, 29]
[6, 7, 13] --> [1, 3, 4, 417, 11, 29, 28]
[6, 9, 11] --> [1, 3, 4, 383, 11, 29, 28]
[5, 8, 13] --> [1, 3, 4, 417, 11, 29, 28]
[4, 10, 12] --> [1, 3, 4, 383, 11, 29, 28]
[4, 9, 13] --> [1, 3, 4, 383, 11, 29, 28]
[5, 9, 12] --> [1, 3, 4, 383, 11, 29, 28]
[5, 10, 11] --> [1, 3, 4, 383, 11, 29, 28]
[1, 4, 8, 13] --> [1, 3, 4, 417, 383, 11, 29]
[1, 5, 9, 11] --> [1, 3, 4, 417, 11, 29, 28]
[1, 5, 7, 13] --> [1, 3, 4, 417, 383, 11, 29]
[1, 5, 8, 12] --> [1, 3, 4, 417, 383, 11, 29]
[1, 6, 7, 12] --> [1, 3, 4, 417, 383, 11, 29]
[1, 6, 8, 11] --> [1, 3, 4, 417, 383, 11, 29]
[2, 4, 9, 11] --> [1, 3, 4, 417, 11, 29, 28]
[2, 4, 7, 13] --> [1, 3, 4, 417, 11, 29, 28]
[2, 4, 8, 12] --> [1, 3, 4, 417, 383, 11, 29]
[2, 5, 7, 12] --> [1, 3, 4, 417, 11, 29, 28]
[3, 6, 8, 12] --> [1, 3, 4, 417, 11, 29, 28]
[3, 6, 7, 13] --> [1, 3, 4, 417, 11, 29, 28]
[3, 6, 9, 11] --> [1, 3, 4, 417, 11, 29, 28]
[3, 5, 8, 13] --> [1, 3, 4, 417, 11, 29, 28]
[3, 5, 10, 11] --> [1, 3, 4, 417, 11, 29, 28]
[3, 5, 9, 12] --> [1, 3, 4, 417, 11, 29, 28]
[3, 4, 10, 12] --> [1, 3, 4, 417, 11, 29, 28]
[3, 4, 9, 13] --> [1, 3, 4, 417, 11, 29, 28]
[2, 6, 8, 13] --> [1, 3, 4, 417, 11, 29, 28]
[2, 6, 10, 11] --> [1, 3, 4, 417, 11, 29, 28]
[2, 6, 9, 12] --> [1, 3, 4, 417, 11, 29, 28]
[1, 8, 9, 11] --> [1, 3, 4, 417, 11, 29, 28]
[1, 7, 10, 11] --> [1, 3, 4, 417, 11, 29, 28]
[1, 7, 9, 12] --> [1, 3, 4, 417, 383, 11, 29]
[6, 10, 13] --> [1, 3, 4, 383, 11, 29, 28]
[8, 10, 11] --> [1, 3, 4, 417, 11, 29, 28]
[8, 9, 12] --> [1, 3, 4, 417, 383, 11, 29]
[7, 9, 13] --> [1, 3, 4, 417, 11, 29, 28]
[7, 10, 12] --> [1, 3, 4, 11, 481, 29, 28]
[1, 5, 10, 13] --> [1, 3, 4, 417, 383, 11, 29]
[1, 6, 9, 13] --> [1, 3, 4, 417, 383, 11, 29]
[1, 6, 10, 12] --> [1, 3, 4, 417, 383, 11, 29]
[2, 7, 9, 11] --> [1, 3, 4, 417, 11, 29, 28]
[2, 4, 10, 13] --> [1, 3, 4, 417, 11, 29, 28]
[2, 5, 9, 13] --> [1, 3, 4, 417, 11, 29, 28]
[2, 5, 10, 12] --> [1, 3, 4, 417, 11, 29, 28]
[3, 6, 8, 11] --> [1, 3, 4, 417, 11, 29, 28]
[3, 6, 7, 12] --> [1, 3, 4, 417, 11, 29, 28]
[3, 5, 8, 12] --> [1, 3, 4, 417, 11, 29, 28]
[3, 5, 7, 13] --> [1, 3, 4, 417, 11, 29, 28]
[3, 5, 9, 11] --> [1, 3, 4, 417, 11, 29, 28]
[3, 4, 8, 13] --> [1, 3, 4, 417, 11, 29, 28]
[3, 4, 10, 11] --> [1, 3, 4, 417, 11, 29, 28]
[3, 4, 9, 12] --> [1, 3, 4, 417, 11, 29, 28]
[2, 6, 8, 12] --> [1, 3, 4, 417, 383, 11, 29]
[2, 6, 7, 13] --> [1, 3, 4, 417, 11, 29, 28]
[2, 6, 9, 11] --> [1, 3, 4, 417, 11, 29, 28]
[2, 5, 8, 13] --> [1, 3, 4, 417, 11, 29, 28]
[1, 4, 10, 13] --> [1, 3, 4, 417, 383, 11, 29]
[1, 7, 9, 11] --> [1, 3, 4, 417, 11, 29, 28]
[6, 10, 12] --> [1, 3, 4, 417, 383, 11, 29]
[6, 9, 13] --> [1, 3, 4, 383, 11, 29, 28]
[8, 9, 11] --> [1, 3, 4, 417, 11, 29, 28]
[7, 9, 12] --> [1, 3, 4, 417, 11, 29, 28]
[7, 10, 11] --> [1, 3, 4, 383, 11, 29, 28]
[5, 10, 13] --> [1, 3, 4, 383, 11, 29, 28]
[1, 5, 9, 13] --> [1, 3, 4, 417, 383, 11, 29]
[1, 5, 10, 12] --> [1, 3, 4, 417, 383, 11, 29]
[1, 6, 9, 12] --> [1, 3, 4, 417, 383, 11, 29]
[1, 6, 10, 11] --> [1, 3, 4, 417, 383, 11, 29]
[1, 6, 8, 13] --> [1, 3, 4, 417, 383, 11, 29]
[2, 4, 9, 13] --> [1, 3, 4, 417, 11, 29, 28]
[2, 4, 10, 12] --> [1, 3, 4, 417, 383, 11, 29]
[2, 5, 9, 12] --> [1, 3, 4, 417, 11, 29, 28]
[2, 5, 10, 11] --> [1, 3, 4, 417, 11, 29, 28]
[2, 8, 10, 11] --> [1, 3, 4, 417, 11, 29, 28]
[2, 8, 9, 12] --> [1, 3, 4, 417, 11, 29, 28]
[2, 7, 10, 12] --> [1, 3, 4, 417, 11, 29, 28]
[2, 7, 9, 13] --> [1, 3, 4, 417, 11, 29, 28]
[4, 7, 9, 11] --> [1, 3, 4, 383, 11, 29, 28]
[8, 10, 13] --> [1, 3, 4, 417, 11, 29, 28]
[1, 7, 10, 13] --> [1, 3, 4, 417, 383, 11, 29]
[1, 8, 9, 13] --> [1, 3, 4, 417, 383, 11, 29]
[1, 8, 10, 12] --> [1, 3, 4, 417, 383, 11, 29]
[2, 6, 10, 13] --> [1, 3, 4, 417, 11, 29, 28]
[3, 7, 9, 12] --> [1, 3, 4, 417, 11, 29, 28]
[3, 7, 10, 11] --> [1, 3, 4, 417, 11, 29, 28]
[3, 8, 9, 11] --> [1, 3, 4, 417, 11, 29, 28]
[3, 5, 10, 13] --> [1, 3, 4, 417, 11, 29, 28]
[3, 6, 10, 12] --> [1, 3, 4, 417, 11, 29, 28]
[3, 6, 9, 13] --> [1, 3, 4, 417, 11, 29, 28]
[2, 5, 10, 13] --> [1, 3, 4, 417, 11, 29, 28]
[2, 8, 9, 11] --> [1, 3, 4, 417, 11, 29, 28]
[2, 7, 10, 11] --> [1, 3, 4, 417, 11, 29, 28]
[2, 7, 9, 12] --> [1, 3, 4, 417, 11, 29, 28]
[1, 6, 10, 13] --> [1, 3, 4, 417, 383, 11, 29]
[7, 10, 13] --> [1, 3, 4, 11, 481, 29, 28]
[8, 9, 13] --> [1, 3, 4, 417, 11, 29, 28]
[8, 10, 12] --> [1, 3, 4, 417, 383, 11, 29]
[1, 7, 9, 13] --> [1, 3, 4, 417, 11, 29, 28]
[1, 7, 10, 12] --> [1, 3, 4, 417, 383, 11, 29]
[1, 8, 9, 12] --> [1, 3, 4, 417, 383, 11, 29]
[1, 8, 10, 11] --> [1, 3, 4, 417, 383, 11, 29]
[2, 6, 9, 13] --> [1, 3, 4, 417, 11, 29, 28]
[2, 6, 10, 12] --> [1, 3, 4, 417, 383, 11, 29]
[3, 7, 9, 11] --> [1, 3, 4, 417, 11, 29, 28]
[3, 4, 10, 13] --> [1, 3, 4, 417, 11, 29, 28]
[3, 5, 9, 13] --> [1, 3, 4, 417, 11, 29, 28]
[3, 5, 10, 12] --> [1, 3, 4, 417, 11, 29, 28]
[3, 6, 9, 12] --> [1, 3, 4, 417, 11, 29, 28]
[3, 6, 10, 11] --> [1, 3, 4, 417, 11, 29, 28]
[3, 6, 8, 13] --> [1, 3, 4, 417, 11, 29, 28]
[2, 5, 7, 9, 11] --> [1, 3, 4, 417, 11, 29, 28]
[2, 4, 8, 9, 11] --> [1, 3, 4, 417, 11, 29, 28]
[2, 4, 7, 10, 11] --> [1, 3, 4, 417, 11, 29, 28]
[2, 4, 7, 9, 12] --> [1, 3, 4, 417, 11, 29, 28]
[1, 6, 7, 9, 11] --> [1, 3, 4, 417, 11, 29, 28]
[1, 5, 8, 9, 11] --> [1, 3, 4, 417, 11, 29, 28]
[1, 5, 7, 10, 11] --> [1, 3, 4, 417, 11, 29, 28]
[1, 5, 7, 9, 12] --> [1, 3, 4, 417, 383, 11, 29]
[1, 4, 8, 10, 11] --> [1, 3, 4, 417, 383, 11, 29]
[1, 4, 8, 9, 12] --> [1, 3, 4, 417, 383, 11, 29]
[1, 4, 7, 10, 12] --> [1, 3, 4, 417, 383, 11, 29]
[1, 4, 7, 9, 13] --> [1, 3, 4, 417, 11, 29, 28]
[5, 7, 10, 12] --> [1, 3, 4, 383, 11, 29, 28]
[5, 7, 9, 13] --> [35, 1, 3, 4, 11, 29, 28]
[4, 8, 10, 12] --> [1, 3, 4, 417, 383, 11, 29]
[4, 8, 9, 13] --> [1, 3, 4, 383, 11, 29, 28]
[4, 7, 10, 13] --> [1, 3, 4, 383, 11, 29, 28]
[5, 8, 9, 12] --> [1, 3, 4, 383, 11, 29, 28]
[5, 8, 10, 11] --> [1, 3, 4, 383, 11, 29, 28]
[6, 7, 9, 12] --> [1, 3, 4, 383, 11, 29, 28]
[6, 7, 10, 11] --> [1, 3, 4, 383, 11, 29, 28]
[6, 8, 9, 11] --> [1, 3, 4, 417, 11, 29, 28]
[3, 8, 10, 13] --> [1, 3, 4, 417, 11, 29, 28]
[3, 4, 7, 9, 11] --> [1, 3, 4, 417, 11, 29, 28]
[2, 5, 7, 10, 11] --> [1, 3, 4, 417, 11, 29, 28]
[2, 5, 7, 9, 12] --> [1, 3, 4, 417, 11, 29, 28]
[2, 4, 8, 10, 11] --> [1, 3, 4, 417, 11, 29, 28]
[2, 4, 8, 9, 12] --> [1, 3, 4, 417, 11, 29, 28]
[2, 4, 7, 10, 12] --> [1, 3, 4, 417, 11, 29, 28]
[2, 4, 7, 9, 13] --> [1, 3, 4, 417, 11, 29, 28]
[1, 6, 8, 9, 11] --> [1, 3, 4, 417, 11, 29, 28]
[1, 6, 7, 10, 11] --> [1, 3, 4, 417, 11, 29, 28]
[1, 6, 7, 9, 12] --> [1, 3, 4, 417, 383, 11, 29]
[1, 5, 8, 10, 11] --> [1, 3, 4, 417, 383, 11, 29]
[1, 5, 8, 9, 12] --> [1, 3, 4, 417, 383, 11, 29]
[1, 5, 7, 10, 12] --> [1, 3, 4, 417, 383, 11, 29]
[1, 5, 7, 9, 13] --> [1, 3, 4, 417, 11, 29, 28]
[1, 4, 8, 10, 12] --> [1, 3, 4, 417, 383, 11, 29]
[1, 4, 8, 9, 13] --> [1, 3, 4, 417, 383, 11, 29]
[1, 4, 7, 10, 13] --> [1, 3, 4, 417, 383, 11, 29]
[5, 7, 10, 13] --> [1, 3, 4, 383, 11, 29, 28]
[4, 8, 10, 13] --> [1, 3, 4, 383, 11, 29, 28]
[5, 8, 9, 13] --> [1, 3, 4, 383, 11, 29, 28]
[5, 8, 10, 12] --> [1, 3, 4, 383, 11, 29, 28]
[6, 7, 9, 13] --> [1, 3, 4, 383, 11, 29, 28]
[6, 7, 10, 12] --> [1, 3, 4, 383, 11, 29, 28]
[6, 8, 9, 12] --> [1, 3, 4, 417, 383, 11, 29]
[6, 8, 10, 11] --> [1, 3, 4, 383, 11, 29, 28]
[2, 5, 8, 9, 11] --> [1, 3, 4, 417, 11, 29, 28]
[2, 6, 7, 9, 11] --> [1, 3, 4, 417, 11, 29, 28]
[3, 4, 7, 9, 12] --> [1, 3, 4, 417, 11, 29, 28]
[3, 4, 7, 10, 11] --> [1, 3, 4, 417, 11, 29, 28]
[3, 4, 8, 9, 11] --> [1, 3, 4, 417, 11, 29, 28]
[3, 5, 7, 9, 11] --> [1, 3, 4, 417, 11, 29, 28]
[2, 8, 10, 12] --> [1, 3, 4, 417, 383, 11, 29]
[2, 8, 9, 13] --> [1, 3, 4, 417, 11, 29, 28]
[2, 7, 10, 13] --> [1, 3, 4, 417, 11, 29, 28]
[1, 4, 7, 9, 11] --> [1, 3, 4, 417, 11, 29, 28]
[5, 7, 9, 11] --> [1, 3, 4, 383, 11, 29, 28]
[4, 8, 9, 11] --> [1, 3, 4, 383, 11, 29, 28]
[4, 7, 10, 11] --> [1, 3, 4, 383, 11, 29, 28]
[4, 7, 9, 12] --> [1, 3, 4, 383, 11, 29, 28]
[1, 8, 10, 13] --> [1, 3, 4, 417, 383, 11, 29]
[3, 7, 9, 13] --> [1, 3, 4, 417, 11, 29, 28]
[3, 7, 10, 12] --> [1, 3, 4, 417, 11, 29, 28]
[3, 8, 9, 12] --> [1, 3, 4, 417, 11, 29, 28]
[3, 8, 10, 11] --> [1, 3, 4, 417, 11, 29, 28]
[3, 6, 10, 13] --> [1, 3, 4, 417, 11, 29, 28]
[2, 4, 7, 9, 11] --> [1, 3, 4, 417, 11, 29, 28]
[2, 8, 10, 13] --> [1, 3, 4, 417, 11, 29, 28]
[1, 5, 7, 9, 11] --> [1, 3, 4, 417, 11, 29, 28]
[1, 4, 8, 9, 11] --> [1, 3, 4, 417, 11, 29, 28]
[1, 4, 7, 10, 11] --> [1, 3, 4, 417, 11, 29, 28]
[1, 4, 7, 9, 12] --> [1, 3, 4, 417, 383, 11, 29]
[5, 7, 10, 11] --> [1, 3, 4, 383, 11, 29, 28]
[5, 7, 9, 12] --> [1, 3, 4, 383, 11, 29, 28]
[4, 8, 10, 11] --> [1, 3, 4, 383, 11, 29, 28]
[4, 8, 9, 12] --> [1, 3, 4, 383, 11, 29, 28]
[4, 7, 10, 12] --> [1, 3, 4, 383, 11, 29, 28]
[4, 7, 9, 13] --> [1, 3, 4, 383, 11, 29, 28]
[5, 8, 9, 11] --> [1, 3, 4, 383, 11, 29, 28]
[6, 7, 9, 11] --> [1, 3, 4, 383, 11, 29, 28]
[3, 7, 10, 13] --> [1, 3, 4, 417, 11, 29, 28]
[3, 8, 9, 13] --> [1, 3, 4, 417, 11, 29, 28]
[3, 8, 10, 12] --> [1, 3, 4, 417, 11, 29, 28]
[1, 6, 8, 10, 13] --> [1, 3, 4, 417, 383, 11, 29]
[2, 5, 8, 10, 13] --> [1, 3, 4, 417, 11, 29, 28]
[2, 6, 7, 10, 13] --> [1, 3, 4, 417, 11, 29, 28]
[2, 6, 8, 9, 13] --> [1, 3, 4, 417, 11, 29, 28]
[2, 6, 8, 10, 12] --> [1, 3, 4, 417, 383, 11, 29]
[3, 4, 8, 10, 13] --> [1, 3, 4, 417, 11, 29, 28]
[3, 5, 7, 10, 13] --> [1, 3, 4, 417, 11, 29, 28]
[3, 5, 8, 9, 13] --> [1, 3, 4, 417, 11, 29, 28]
[3, 5, 8, 10, 12] --> [1, 3, 4, 417, 11, 29, 28]
[3, 6, 7, 9, 13] --> [1, 3, 4, 417, 11, 29, 28]
[3, 6, 7, 10, 12] --> [1, 3, 4, 417, 11, 29, 28]
[3, 6, 8, 9, 12] --> [1, 3, 4, 417, 11, 29, 28]
[3, 6, 8, 10, 11] --> [1, 3, 4, 417, 11, 29, 28]
[2, 6, 8, 10, 13] --> [1, 3, 4, 417, 11, 29, 28]
[3, 5, 8, 10, 13] --> [1, 3, 4, 417, 11, 29, 28]
[3, 6, 7, 10, 13] --> [1, 3, 4, 417, 11, 29, 28]
[3, 6, 8, 9, 13] --> [1, 3, 4, 417, 11, 29, 28]
[3, 6, 8, 10, 12] --> [1, 3, 4, 417, 11, 29, 28]
[2, 5, 7, 10, 12] --> [1, 3, 4, 417, 11, 29, 28]
[2, 5, 7, 9, 13] --> [1, 3, 4, 417, 11, 29, 28]
[2, 4, 8, 10, 12] --> [1, 3, 4, 417, 383, 11, 29]
[2, 4, 8, 9, 13] --> [1, 3, 4, 417, 11, 29, 28]
[2, 4, 7, 10, 13] --> [1, 3, 4, 417, 11, 29, 28]
[1, 6, 8, 10, 11] --> [1, 3, 4, 417, 383, 11, 29]
[1, 6, 8, 9, 12] --> [1, 3, 4, 417, 383, 11, 29]
[1, 6, 7, 10, 12] --> [1, 3, 4, 417, 383, 11, 29]
[1, 6, 7, 9, 13] --> [1, 3, 4, 417, 11, 29, 28]
[1, 5, 8, 10, 12] --> [1, 3, 4, 417, 383, 11, 29]
[1, 5, 8, 9, 13] --> [1, 3, 4, 417, 383, 11, 29]
[1, 5, 7, 10, 13] --> [1, 3, 4, 417, 11, 29, 28]
[1, 4, 8, 10, 13] --> [1, 3, 4, 417, 383, 11, 29]
[5, 8, 10, 13] --> [1, 3, 4, 383, 11, 29, 28]
[6, 7, 10, 13] --> [1, 3, 4, 383, 11, 29, 28]
[6, 8, 9, 13] --> [1, 3, 4, 417, 11, 29, 28]
[6, 8, 10, 12] --> [1, 3, 4, 417, 383, 11, 29]
[2, 5, 8, 9, 12] --> [1, 3, 4, 417, 11, 29, 28]
[2, 5, 8, 10, 11] --> [1, 3, 4, 417, 11, 29, 28]
[2, 6, 7, 9, 12] --> [1, 3, 4, 417, 11, 29, 28]
[2, 6, 7, 10, 11] --> [1, 3, 4, 417, 11, 29, 28]
[2, 6, 8, 9, 11] --> [1, 3, 4, 417, 11, 29, 28]
[3, 4, 7, 9, 13] --> [1, 3, 4, 417, 11, 29, 28]
[3, 4, 7, 10, 12] --> [1, 3, 4, 417, 11, 29, 28]
[3, 4, 8, 9, 12] --> [1, 3, 4, 417, 11, 29, 28]
[3, 4, 8, 10, 11] --> [1, 3, 4, 417, 11, 29, 28]
[3, 5, 7, 9, 12] --> [1, 3, 4, 417, 11, 29, 28]
[3, 5, 7, 10, 11] --> [1, 3, 4, 417, 11, 29, 28]
[3, 5, 8, 9, 11] --> [1, 3, 4, 417, 11, 29, 28]
[3, 6, 7, 9, 11] --> [1, 3, 4, 417, 11, 29, 28]
[2, 5, 7, 10, 13] --> [1, 3, 4, 417, 11, 29, 28]
[2, 4, 8, 10, 13] --> [1, 3, 4, 417, 11, 29, 28]
[1, 6, 8, 10, 12] --> [1, 3, 4, 417, 383, 11, 29]
[1, 6, 8, 9, 13] --> [1, 3, 4, 417, 383, 11, 29]
[1, 6, 7, 10, 13] --> [1, 3, 4, 417, 383, 11, 29]
[1, 5, 8, 10, 13] --> [1, 3, 4, 417, 383, 11, 29]
[6, 8, 10, 13] --> [1, 3, 4, 383, 11, 29, 28]
[2, 5, 8, 9, 13] --> [1, 3, 4, 417, 11, 29, 28]
[2, 5, 8, 10, 12] --> [1, 3, 4, 417, 383, 11, 29]
[2, 6, 7, 9, 13] --> [1, 3, 4, 417, 11, 29, 28]
[2, 6, 7, 10, 12] --> [1, 3, 4, 417, 11, 29, 28]
[2, 6, 8, 9, 12] --> [1, 3, 4, 417, 11, 29, 28]
[2, 6, 8, 10, 11] --> [1, 3, 4, 417, 11, 29, 28]
[3, 4, 7, 10, 13] --> [1, 3, 4, 417, 11, 29, 28]
[3, 4, 8, 9, 13] --> [1, 3, 4, 417, 11, 29, 28]
[3, 4, 8, 10, 12] --> [1, 3, 4, 417, 11, 29, 28]
[3, 5, 7, 9, 13] --> [1, 3, 4, 417, 11, 29, 28]
[3, 5, 7, 10, 12] --> [1, 3, 4, 417, 11, 29, 28]
[3, 5, 8, 9, 12] --> [1, 3, 4, 417, 11, 29, 28]
[3, 5, 8, 10, 11] --> [1, 3, 4, 417, 11, 29, 28]
[3, 6, 7, 9, 12] --> [1, 3, 4, 417, 11, 29, 28]
[3, 6, 7, 10, 11] --> [1, 3, 4, 417, 11, 29, 28]
[3, 6, 8, 9, 11] --> [1, 3, 4, 417, 11, 29, 28]
[3, 6, 8, 10, 13] --> [1, 3, 4, 417, 11, 29, 28]
